=== Run information ===

Scheme:       weka.classifiers.bayes.NaiveBayes -D
Relation:     AV2
Instances:    20000
Attributes:   17
              lettr
              x-box
              y-box
              width
              high
              onpix
              x-bar
              y-bar
              x2bar
              y2bar
              xybar
              x2ybr
              xy2br
              x-ege
              xegvy
              y-ege
              yegvx
Test mode:    10-fold cross-validation

=== Classifier model (full training set) ===

Naive Bayes Classifier

                   Class
Attribute              A      B      C      D      E      F      G      H      I      J      L      M      N      O      P      Q      R      S      T      U      V      X      Z      K      W      Y
                  (0.04) (0.04) (0.04) (0.04) (0.04) (0.04) (0.04) (0.04) (0.04) (0.04) (0.04) (0.04) (0.04) (0.04) (0.04) (0.04) (0.04) (0.04) (0.04) (0.04) (0.04) (0.04) (0.04) (0.04) (0.04) (0.04)
========================================================================================================================================================================================================
x-box
  '(-inf-0.5]'        1.0    2.0    3.0    1.0    6.0    5.0    1.0    1.0   88.0   27.0    3.0    1.0    1.0    1.0    2.0    1.0    1.0    1.0    2.0    1.0    1.0    2.0    1.0    2.0    1.0    2.0
  '(0.5-1.5]'        56.0   48.0   39.0   38.0   41.0   42.0   30.0   29.0  265.0  115.0   67.0   21.0   36.0   35.0   42.0   44.0   33.0   32.0   33.0   19.0   37.0   30.0   59.0   26.0   17.0   53.0
  '(1.5-2.5]'       185.0  112.0  118.0  116.0  116.0  124.0  114.0   74.0  132.0  211.0  157.0   53.0   82.0  108.0  111.0  120.0  102.0   98.0  161.0   78.0   98.0   93.0  140.0   71.0   42.0  119.0
  '(2.5-4.5]'       408.0  353.0  314.0  366.0  393.0  365.0  346.0  337.0  175.0  250.0  379.0  289.0  307.0  328.0  346.0  330.0  380.0  357.0  310.0  345.0  340.0  417.0  327.0  314.0  275.0  309.0
  '(4.5-inf)'       144.0  256.0  267.0  289.0  217.0  244.0  287.0  298.0  100.0  149.0  160.0  433.0  362.0  286.0  307.0  293.0  247.0  265.0  295.0  375.0  293.0  250.0  212.0  331.0  422.0  308.0
  [total]           794.0  771.0  741.0  810.0  773.0  780.0  778.0  739.0  760.0  752.0  766.0  797.0  788.0  758.0  808.0  788.0  763.0  753.0  801.0  818.0  769.0  792.0  739.0  744.0  757.0  791.0

y-box
  'All'             790.0  767.0  737.0  806.0  769.0  776.0  774.0  735.0  756.0  748.0  762.0  793.0  784.0  754.0  804.0  784.0  759.0  749.0  797.0  814.0  765.0  788.0  735.0  740.0  753.0  787.0
  [total]           790.0  767.0  737.0  806.0  769.0  776.0  774.0  735.0  756.0  748.0  762.0  793.0  784.0  754.0  804.0  784.0  759.0  749.0  797.0  814.0  765.0  788.0  735.0  740.0  753.0  787.0

width
  '(-inf-0.5]'        1.0    1.0    1.0    1.0    1.0    1.0    1.0    1.0  196.0    1.0    1.0    1.0    1.0    1.0    1.0    1.0    1.0    1.0    1.0    1.0    1.0    1.0    1.0    1.0    1.0    1.0
  '(0.5-3.5]'       107.0  154.0  162.0  114.0  185.0  185.0  132.0   91.0  279.0  317.0  234.0   65.0  113.0  149.0  145.0  171.0  125.0  132.0  166.0  115.0   75.0   88.0  146.0   80.0   53.0  107.0
  '(3.5-7.5]'       631.0  520.0  547.0  607.0  521.0  523.0  588.0  472.0  271.0  404.0  505.0  452.0  477.0  568.0  547.0  556.0  543.0  550.0  594.0  578.0  618.0  548.0  527.0  471.0  476.0  597.0
  '(7.5-9.5]'        51.0   91.0   30.0   85.0   62.0   66.0   54.0  125.0   13.0   29.0   25.0  170.0  157.0   38.0  103.0   53.0   86.0   65.0   39.0  112.0   71.0  128.0   63.0  151.0  172.0   84.0
  '(9.5-inf)'         4.0    5.0    1.0    3.0    4.0    5.0    3.0   50.0    1.0    1.0    1.0  109.0   40.0    2.0   12.0    7.0    8.0    5.0    1.0   12.0    4.0   27.0    2.0   41.0   55.0    2.0
  [total]           794.0  771.0  741.0  810.0  773.0  780.0  778.0  739.0  760.0  752.0  766.0  797.0  788.0  758.0  808.0  788.0  763.0  753.0  801.0  818.0  769.0  792.0  739.0  744.0  757.0  791.0

high
  '(-inf-8.5]'      783.0  763.0  732.0  801.0  762.0  766.0  766.0  716.0  743.0  687.0  751.0  787.0  776.0  746.0  756.0  610.0  756.0  738.0  791.0  809.0  760.0  778.0  676.0  735.0  744.0  708.0
  '(8.5-9.5]'         8.0    5.0    6.0    6.0    8.0    6.0    9.0   12.0   13.0   29.0   12.0    7.0    9.0    9.0   23.0  101.0    4.0   12.0    7.0    6.0    6.0   11.0   21.0    6.0   10.0   27.0
  '(9.5-11.5]'        1.0    1.0    1.0    1.0    1.0    6.0    1.0    9.0    2.0   19.0    1.0    1.0    1.0    1.0   25.0   71.0    1.0    1.0    1.0    1.0    1.0    1.0   26.0    1.0    1.0   29.0
  '(11.5-inf)'        1.0    1.0    1.0    1.0    1.0    1.0    1.0    1.0    1.0   16.0    1.0    1.0    1.0    1.0    3.0    5.0    1.0    1.0    1.0    1.0    1.0    1.0   15.0    1.0    1.0   26.0
  [total]           793.0  770.0  740.0  809.0  772.0  779.0  777.0  738.0  759.0  751.0  765.0  796.0  787.0  757.0  807.0  787.0  762.0  752.0  800.0  817.0  768.0  791.0  738.0  743.0  756.0  790.0

onpix
  '(-inf-0.5]'       39.0    6.0   33.0   15.0   12.0   33.0   12.0   25.0  199.0   50.0   42.0    8.0   20.0   24.0   22.0   15.0   10.0   18.0   39.0   30.0   38.0   36.0   30.0   30.0    9.0   61.0
  '(0.5-1.5]'       101.0   43.0  130.0   37.0   48.0  136.0   70.0   14.0  184.0  259.0  200.0   38.0   49.0   56.0   70.0   49.0   38.0   53.0  194.0  101.0  159.0  113.0   66.0   36.0   36.0  183.0
  '(1.5-2.5]'       231.0   84.0  225.0  137.0  191.0  192.0  200.0  147.0  151.0  151.0  171.0   48.0  173.0  157.0  181.0  107.0  123.0  185.0  174.0  222.0  207.0  161.0  185.0  154.0   61.0  161.0
  '(2.5-5.5]'       350.0  394.0  298.0  453.0  383.0  302.0  375.0  353.0  192.0  255.0  299.0  375.0  449.0  431.0  373.0  425.0  397.0  399.0  304.0  363.0  295.0  396.0  385.0  347.0  410.0  272.0
  '(5.5-9.5]'        73.0  227.0   55.0  160.0  138.0  116.0  114.0  187.0   34.0   37.0   51.0  264.0   91.0   80.0  144.0  179.0  183.0   83.0   90.0   83.0   58.0   86.0   73.0  171.0  196.0   91.0
  '(9.5-inf)'         1.0   18.0    1.0    9.0    2.0    2.0    8.0   14.0    1.0    1.0    4.0   65.0    7.0   11.0   19.0   14.0   13.0   16.0    1.0   20.0   13.0    1.0    1.0    7.0   46.0   24.0
  [total]           795.0  772.0  742.0  811.0  774.0  781.0  779.0  740.0  761.0  753.0  767.0  798.0  789.0  759.0  809.0  789.0  764.0  754.0  802.0  819.0  770.0  793.0  740.0  745.0  758.0  792.0

x-bar
  '(-inf-0.5]'        1.0    1.0    1.0    1.0    1.0   17.0    1.0    1.0    1.0    1.0  133.0    1.0    1.0    1.0    1.0    1.0    1.0    1.0    1.0    1.0    1.0    1.0    1.0    1.0    1.0    1.0
  '(0.5-1.5]'         1.0    1.0    1.0    1.0    1.0  144.0    1.0    1.0    1.0    1.0   17.0    1.0    1.0    1.0    1.0    1.0    1.0    1.0    1.0    1.0    3.0    1.0    1.0    1.0   19.0    1.0
  '(1.5-2.5]'         1.0    1.0    5.0    1.0    9.0   16.0    1.0    1.0    1.0    1.0   40.0    1.0    3.0    1.0    1.0    1.0    1.0    1.0    1.0    3.0   34.0    1.0    1.0   10.0   39.0   18.0
  '(2.5-3.5]'         1.0    1.0   34.0    1.0  149.0   41.0    1.0    1.0    1.0    1.0   31.0   11.0   11.0    1.0   35.0    1.0    1.0    1.0    2.0   59.0   90.0    7.0    1.0  107.0   45.0   72.0
  '(3.5-4.5]'         1.0    1.0  113.0    1.0   36.0   49.0    1.0    9.0    1.0    1.0   90.0   21.0   35.0    4.0   97.0    1.0    1.0    1.0   41.0  137.0   99.0   21.0    2.0  117.0  113.0  102.0
  '(4.5-5.5]'        14.0    1.0  217.0  109.0   69.0  142.0   52.0   31.0    9.0    8.0   75.0   40.0   47.0   16.0  176.0    6.0  109.0   16.0  170.0   87.0   53.0   41.0    9.0  142.0   96.0   71.0
  '(5.5-6.5]'        52.0  140.0  256.0  119.0  125.0  153.0  231.0   71.0   33.0   23.0  112.0   63.0   83.0   52.0  137.0    7.0  204.0   59.0  207.0  105.0   80.0   63.0   61.0  157.0   71.0   79.0
  '(6.5-7.5]'       164.0  221.0   94.0  191.0  256.0  123.0  310.0  373.0  519.0   76.0  153.0  260.0  437.0  362.0  160.0  116.0  143.0  170.0  241.0  252.0  200.0  390.0  398.0   87.0  173.0  181.0
  '(7.5-8.5]'       195.0  231.0   22.0  127.0   82.0   53.0  152.0  151.0   82.0  152.0   69.0  228.0   89.0  301.0  135.0  489.0  148.0  360.0   80.0  149.0  140.0  170.0  155.0   61.0   96.0  128.0
  '(8.5-9.5]'        80.0  121.0    3.0  175.0   26.0   28.0   23.0   66.0   58.0  153.0   33.0   86.0   40.0   23.0   60.0  107.0   99.0  114.0   50.0   25.0   70.0   60.0   68.0   44.0   59.0  107.0
  '(9.5-11.5]'      191.0   58.0    1.0   85.0   25.0   20.0   11.0   40.0   55.0  175.0   19.0   66.0   38.0    2.0   11.0   55.0   61.0   35.0   13.0    5.0    5.0   42.0   42.0   23.0   51.0   37.0
  '(11.5-12.5]'      82.0    1.0    1.0    5.0    1.0    1.0    1.0    1.0    6.0   72.0    1.0   17.0   10.0    1.0    1.0   10.0    1.0    1.0    1.0    1.0    1.0    2.0    6.0    1.0    1.0    1.0
  '(12.5-inf)'       19.0    1.0    1.0    2.0    1.0    1.0    1.0    1.0    1.0   96.0    1.0   10.0    1.0    1.0    1.0    1.0    1.0    1.0    1.0    1.0    1.0    1.0    2.0    1.0    1.0    1.0
  [total]           802.0  779.0  749.0  818.0  781.0  788.0  786.0  747.0  768.0  760.0  774.0  805.0  796.0  766.0  816.0  796.0  771.0  761.0  809.0  826.0  777.0  800.0  747.0  752.0  765.0  799.0

y-bar
  '(-inf-1.5]'       30.0    1.0    1.0    1.0    1.0    1.0    1.0    1.0    1.0    6.0  146.0    2.0    1.0    1.0    1.0    1.0    1.0    2.0    1.0    1.0    1.0    1.0    1.0    1.0    1.0    1.0
  '(1.5-2.5]'       239.0    1.0    1.0    3.0    1.0    1.0    1.0    1.0    1.0   62.0   62.0   19.0    1.0    1.0    1.0    1.0    1.0   14.0    1.0    1.0    1.0    1.0    1.0    1.0    1.0    1.0
  '(2.5-3.5]'       193.0    1.0    1.0    9.0    1.0    1.0   12.0    1.0    3.0   88.0  103.0   18.0    1.0    1.0    1.0   23.0    1.0   26.0    1.0   11.0    1.0    1.0   10.0    1.0    1.0    4.0
  '(3.5-4.5]'       116.0    2.0    2.0   16.0    3.0    1.0   16.0    6.0   12.0   68.0  269.0    9.0    4.0    9.0    1.0   88.0    1.0   19.0    1.0   57.0    1.0    1.0   23.0    2.0    3.0   10.0
  '(4.5-5.5]'        94.0   19.0    9.0   26.0    7.0    1.0   44.0   27.0   31.0   61.0   81.0   61.0    5.0   39.0   11.0   85.0   12.0   29.0    1.0  136.0   14.0   11.0   40.0   25.0    9.0   25.0
  '(5.5-6.5]'        42.0  156.0   66.0  166.0   83.0   19.0  289.0  111.0   73.0  220.0   36.0  349.0   26.0  145.0   18.0  103.0   50.0  101.0    5.0  121.0   17.0   74.0   65.0  155.0   14.0   28.0
  '(6.5-7.5]'        34.0  383.0  240.0  461.0  386.0   26.0  319.0  309.0  499.0  113.0   45.0  244.0  293.0  396.0   45.0  216.0  244.0  287.0   53.0   71.0   31.0  512.0  372.0  351.0   73.0   33.0
  '(7.5-8.5]'        43.0  180.0  321.0  116.0  226.0   64.0   65.0  199.0   97.0   74.0   25.0   47.0  217.0  127.0   78.0  160.0  225.0  224.0   68.0  308.0  132.0  162.0  161.0  165.0  233.0   62.0
  '(8.5-9.5]'         7.0   31.0   86.0   15.0   59.0  118.0   24.0   63.0   38.0   45.0    3.0   26.0  179.0   35.0  179.0   65.0   89.0   46.0   34.0  107.0  104.0   30.0   47.0   46.0   45.0  104.0
  '(9.5-10.5]'        1.0    2.0   17.0    2.0   11.0  192.0   12.0   16.0    7.0   13.0    1.0   15.0   48.0    9.0  192.0   31.0   79.0   10.0   51.0   10.0   41.0    4.0   11.0    2.0  159.0  342.0
  '(10.5-11.5]'       1.0    1.0    3.0    1.0    1.0  145.0    1.0    6.0    4.0    7.0    1.0   12.0   17.0    1.0  140.0   14.0   44.0    1.0  196.0    1.0  188.0    1.0   13.0    1.0  210.0  147.0
  '(11.5-12.5]'       1.0    1.0    1.0    1.0    1.0  109.0    1.0    6.0    1.0    1.0    1.0    2.0    2.0    1.0   72.0    4.0   17.0    1.0  176.0    1.0  232.0    1.0    1.0    1.0   15.0   39.0
  '(12.5-13.5]'       1.0    1.0    1.0    1.0    1.0   66.0    1.0    1.0    1.0    2.0    1.0    1.0    2.0    1.0   44.0    4.0    7.0    1.0   58.0    1.0   14.0    1.0    2.0    1.0    1.0    3.0
  '(13.5-inf)'        1.0    1.0    1.0    1.0    1.0   45.0    1.0    1.0    1.0    1.0    1.0    1.0    1.0    1.0   34.0    2.0    1.0    1.0  164.0    1.0    1.0    1.0    1.0    1.0    1.0    1.0
  [total]           803.0  780.0  750.0  819.0  782.0  789.0  787.0  748.0  769.0  761.0  775.0  806.0  797.0  767.0  817.0  797.0  772.0  762.0  810.0  827.0  778.0  801.0  748.0  753.0  766.0  800.0

x2bar
  '(-inf-0.5]'        2.0    1.0    1.0    1.0    1.0    2.0    1.0    1.0  265.0   13.0   24.0    1.0    1.0    1.0    1.0    1.0    1.0    1.0   90.0    1.0    1.0   16.0    1.0    1.0    1.0   18.0
  '(0.5-1.5]'        52.0    1.0    1.0    1.0   28.0   55.0    1.0    1.0  130.0   55.0  154.0    2.0    1.0    1.0    3.0    1.0    1.0    6.0  126.0    1.0   19.0  140.0    6.0   99.0   11.0  214.0
  '(1.5-2.5]'       344.0   44.0    1.0   10.0  160.0  142.0    2.0   22.0   80.0  179.0   80.0   95.0   81.0    1.0   31.0    1.0   11.0   52.0  173.0    1.0  153.0  198.0  241.0  164.0  226.0  227.0
  '(2.5-3.5]'       285.0  130.0   33.0   80.0   78.0  184.0   13.0  224.0   33.0  177.0  140.0  162.0  172.0    4.0  116.0   16.0  176.0  152.0  227.0    3.0  209.0  222.0  162.0  137.0  176.0  139.0
  '(3.5-4.5]'        54.0  120.0  106.0  187.0   89.0  211.0   53.0   74.0  185.0  104.0  115.0   63.0   71.0   19.0  185.0  140.0  145.0  188.0  113.0  105.0  255.0  169.0  130.0  129.0  135.0   80.0
  '(4.5-5.5]'        17.0  174.0  111.0  147.0  209.0  150.0  205.0   74.0   57.0   70.0  130.0   82.0  131.0   69.0  135.0  122.0  128.0  133.0   32.0  275.0   97.0   43.0  161.0   53.0  152.0   51.0
  '(5.5-6.5]'        10.0   88.0  206.0  109.0  189.0   36.0  281.0  117.0   12.0   45.0   90.0  160.0   88.0  123.0  108.0  183.0   56.0  112.0    6.0  149.0   33.0    6.0   40.0   22.0   53.0   44.0
  '(6.5-7.5]'        18.0   61.0  218.0   85.0   21.0    3.0  131.0   32.0    1.0   23.0   21.0   28.0   10.0  207.0   83.0  172.0   85.0   85.0   34.0   39.0    5.0    1.0    1.0   57.0    6.0   21.0
  '(7.5-8.5]'        16.0   59.0   58.0   58.0    2.0    1.0   91.0    7.0    1.0   24.0   13.0    2.0   15.0  243.0   90.0  130.0   90.0   28.0    4.0   39.0    1.0    1.0    1.0   63.0    1.0    1.0
  '(8.5-9.5]'         1.0   80.0    9.0   39.0    1.0    1.0    5.0    1.0    1.0   36.0    4.0   19.0   12.0   95.0   38.0   27.0   56.0    1.0    1.0    6.0    1.0    1.0    1.0   24.0    1.0    1.0
  '(9.5-10.5]'        1.0   19.0    3.0   75.0    1.0    1.0    1.0   13.0    1.0   25.0    1.0   41.0   11.0    1.0   21.0    1.0   18.0    1.0    1.0   19.0    1.0    1.0    1.0    1.0    1.0    1.0
  '(10.5-11.5]'       1.0    1.0    1.0   25.0    1.0    1.0    1.0   17.0    1.0    8.0    1.0   46.0   30.0    1.0    4.0    1.0    3.0    1.0    1.0   25.0    1.0    1.0    1.0    1.0    1.0    1.0
  '(11.5-12.5]'       1.0    1.0    1.0    1.0    1.0    1.0    1.0   20.0    1.0    1.0    1.0   88.0   26.0    1.0    1.0    1.0    1.0    1.0    1.0   28.0    1.0    1.0    1.0    1.0    1.0    1.0
  '(12.5-13.5]'       1.0    1.0    1.0    1.0    1.0    1.0    1.0   23.0    1.0    1.0    1.0   17.0   31.0    1.0    1.0    1.0    1.0    1.0    1.0   53.0    1.0    1.0    1.0    1.0    1.0    1.0
  '(13.5-14.5]'       1.0    1.0    1.0    1.0    1.0    1.0    1.0   50.0    1.0    1.0    1.0    1.0   73.0    1.0    1.0    1.0    1.0    1.0    1.0   64.0    1.0    1.0    1.0    1.0    1.0    1.0
  '(14.5-inf)'        1.0    1.0    1.0    1.0    1.0    1.0    1.0   74.0    1.0    1.0    1.0    1.0   46.0    1.0    1.0    1.0    1.0    1.0    1.0   21.0    1.0    1.0    1.0    1.0    1.0    1.0
  [total]           805.0  782.0  752.0  821.0  784.0  791.0  789.0  750.0  771.0  763.0  777.0  808.0  799.0  769.0  819.0  799.0  774.0  764.0  812.0  829.0  780.0  803.0  750.0  755.0  768.0  802.0

y2bar
  '(-inf-0.5]'       86.0    1.0    1.0    1.0    1.0    1.0    1.0   24.0    1.0    1.0    1.0   60.0   21.0    1.0   24.0   13.0    1.0    1.0    1.0    1.0    1.0    1.0    1.0    5.0   44.0    1.0
  '(0.5-1.5]'       169.0    1.0    1.0    1.0    1.0    1.0    2.0  142.0    1.0    1.0    1.0   94.0   72.0   17.0   80.0   40.0    2.0    3.0    1.0    1.0   39.0    1.0    1.0   28.0  107.0   41.0
  '(1.5-2.5]'       315.0    3.0    4.0    1.0    7.0   22.0   62.0   62.0    1.0    3.0    1.0  117.0  121.0   26.0  127.0  171.0   21.0   21.0    1.0    1.0  199.0    6.0   10.0   90.0  345.0  141.0
  '(2.5-3.5]'       113.0   19.0   31.0    1.0   47.0   74.0   93.0   29.0   35.0  122.0    8.0   57.0   44.0   53.0  145.0  152.0  127.0   47.0    5.0   19.0  301.0    1.0   24.0   59.0  197.0  137.0
  '(3.5-4.5]'        76.0   89.0   50.0   29.0   43.0  182.0   59.0   35.0  189.0  141.0   52.0  257.0  240.0  262.0  226.0  125.0  189.0   70.0   37.0  123.0  172.0  186.0   43.0   71.0   29.0   62.0
  '(4.5-5.5]'        31.0  264.0   40.0  126.0   32.0  256.0  186.0  100.0   67.0  170.0  108.0  201.0  221.0  230.0  135.0  105.0  239.0  150.0   97.0  220.0   50.0   80.0   35.0   30.0   32.0   64.0
  '(5.5-6.5]'         6.0  242.0   99.0  290.0   45.0  196.0  180.0  274.0   79.0  206.0  222.0   12.0   62.0   69.0   59.0  106.0  155.0   93.0  279.0  140.0    9.0   41.0   10.0  156.0    4.0   91.0
  '(6.5-7.5]'         1.0  136.0  204.0  223.0  166.0   44.0  112.0   75.0  265.0   87.0  133.0    2.0   10.0   36.0   15.0   54.0   30.0  144.0  226.0  188.0    1.0   39.0   29.0  255.0    2.0  172.0
  '(7.5-8.5]'         1.0   20.0  162.0   77.0  201.0    8.0   60.0    2.0  116.0   21.0  158.0    1.0    1.0   60.0    1.0   17.0    3.0  113.0  116.0  107.0    1.0  272.0   68.0   53.0    1.0   74.0
  '(8.5-9.5]'         1.0    1.0   62.0   47.0   99.0    1.0   24.0    1.0   11.0    5.0   73.0    1.0    1.0    9.0    1.0    8.0    1.0   92.0   34.0   22.0    1.0  162.0  228.0    2.0    1.0   12.0
  '(9.5-10.5]'        1.0    1.0   64.0   18.0   62.0    1.0    5.0    1.0    1.0    1.0   14.0    1.0    1.0    1.0    1.0    3.0    1.0   25.0   10.0    2.0    1.0    9.0  116.0    1.0    1.0    2.0
  '(10.5-12.5]'       1.0    1.0   30.0    3.0   76.0    1.0    1.0    1.0    1.0    1.0    2.0    1.0    1.0    1.0    1.0    1.0    1.0    1.0    1.0    1.0    1.0    1.0   70.0    1.0    1.0    1.0
  '(12.5-inf)'        1.0    1.0    1.0    1.0    1.0    1.0    1.0    1.0    1.0    1.0    1.0    1.0    1.0    1.0    1.0    1.0    1.0    1.0    1.0    1.0    1.0    1.0  112.0    1.0    1.0    1.0
  [total]           802.0  779.0  749.0  818.0  781.0  788.0  786.0  747.0  768.0  760.0  774.0  805.0  796.0  766.0  816.0  796.0  771.0  761.0  809.0  826.0  777.0  800.0  747.0  752.0  765.0  799.0

xybar
  '(-inf-2.5]'        1.0    1.0    1.0    1.0    1.0    1.0    1.0    1.0    1.0    1.0  303.0    1.0    1.0    1.0    1.0    1.0    1.0    1.0    1.0    2.0    1.0    1.0    1.0    1.0    1.0    2.0
  '(2.5-3.5]'         3.0    1.0    1.0    1.0    1.0    1.0    1.0    1.0    1.0    1.0   27.0    2.0   24.0    1.0    1.0   12.0    1.0    1.0    1.0   14.0    3.0    1.0    1.0    1.0    1.0   13.0
  '(3.5-4.5]'        10.0    1.0    6.0    3.0    1.0    1.0    3.0    1.0    1.0    1.0    4.0   28.0   94.0    1.0    1.0   30.0    1.0   26.0    9.0   25.0   20.0    1.0    1.0    1.0    3.0   20.0
  '(4.5-5.5]'        35.0    2.0   26.0   22.0    9.0    1.0   41.0    2.0    1.0    1.0   19.0    7.0   97.0    6.0    2.0  164.0    8.0  143.0   32.0   41.0   44.0   36.0    1.0    5.0   39.0   61.0
  '(5.5-6.5]'       125.0  155.0   64.0  131.0   60.0    1.0  302.0   46.0   16.0   14.0   83.0  190.0   89.0   58.0   11.0  237.0  127.0   18.0   92.0  177.0  124.0  169.0  103.0  129.0  120.0  136.0
  '(6.5-7.5]'       252.0  291.0  175.0  263.0  356.0   28.0  120.0  388.0  402.0   35.0  107.0  274.0  175.0  349.0   49.0   92.0  311.0  159.0  222.0  274.0  182.0  254.0  109.0  240.0  295.0  202.0
  '(7.5-8.5]'       118.0   14.0  119.0   47.0   36.0   46.0   44.0   36.0   23.0   56.0  100.0   43.0   51.0   48.0   68.0  119.0   98.0   93.0   88.0   39.0  133.0   26.0   70.0   21.0   81.0   77.0
  '(8.5-9.5]'       106.0   92.0   94.0   72.0    5.0   32.0  154.0   28.0   16.0   13.0   48.0  174.0   27.0  187.0  133.0   52.0  110.0   27.0   25.0   65.0  108.0   39.0  128.0   69.0  130.0   63.0
  '(9.5-10.5]'       77.0  177.0   43.0  192.0   56.0  124.0   92.0  232.0    1.0    9.0   14.0   58.0  173.0  111.0  143.0   33.0   88.0  138.0   11.0  107.0  100.0  178.0   36.0  244.0   68.0   84.0
  '(10.5-11.5]'      51.0   42.0  101.0   60.0  236.0  170.0   24.0    9.0   10.0   93.0   23.0   16.0   20.0    1.0  135.0   39.0   23.0  106.0  192.0   52.0   39.0   85.0  159.0   35.0   22.0   82.0
  '(11.5-12.5]'      22.0    1.0   94.0   19.0   18.0  168.0    2.0    1.0   21.0  150.0   39.0    9.0    9.0    1.0  164.0   15.0    1.0    5.0  102.0   20.0   17.0    8.0  136.0    4.0    3.0   40.0
  '(12.5-13.5]'       1.0    1.0   24.0    6.0    1.0  191.0    1.0    1.0  215.0  127.0    6.0    2.0   30.0    1.0   80.0    1.0    1.0   41.0   33.0    9.0    5.0    1.0    1.0    1.0    1.0   17.0
  '(13.5-14.5]'       1.0    1.0    1.0    1.0    1.0   24.0    1.0    1.0   60.0  163.0    1.0    1.0    6.0    1.0   28.0    1.0    1.0    3.0    1.0    1.0    1.0    1.0    1.0    1.0    1.0    2.0
  '(14.5-inf)'        1.0    1.0    1.0    1.0    1.0    1.0    1.0    1.0    1.0   97.0    1.0    1.0    1.0    1.0    1.0    1.0    1.0    1.0    1.0    1.0    1.0    1.0    1.0    1.0    1.0    1.0
  [total]           803.0  780.0  750.0  819.0  782.0  789.0  787.0  748.0  769.0  761.0  775.0  806.0  797.0  767.0  817.0  797.0  772.0  762.0  810.0  827.0  778.0  801.0  748.0  753.0  766.0  800.0

x2ybr
  '(-inf-0.5]'       51.0    1.0    1.0    1.0    1.0    1.0    1.0    1.0    1.0    8.0  122.0    1.0    9.0    1.0    1.0    1.0    1.0    1.0    1.0    1.0    1.0    3.0    1.0    1.0    1.0    1.0
  '(0.5-2.5]'       574.0    1.0    1.0   18.0    1.0    1.0    5.0   15.0    7.0   61.0  415.0   30.0   38.0    1.0    1.0    4.0   57.0   50.0    1.0    1.0    1.0   27.0   14.0   17.0    1.0    1.0
  '(2.5-4.5]'        63.0   98.0    3.0  238.0   53.0   22.0   32.0  100.0   57.0  289.0   78.0  110.0   74.0   98.0  151.0  129.0  312.0   77.0    2.0    1.0    1.0   71.0   64.0  122.0    1.0    1.0
  '(4.5-5.5]'        21.0  226.0   31.0  185.0  114.0   78.0  149.0  124.0   58.0  170.0   13.0   67.0   90.0  147.0  168.0   73.0  314.0  154.0   13.0    5.0    4.0   47.0  100.0  106.0   23.0    3.0
  '(5.5-6.5]'        37.0  376.0  215.0  292.0  330.0  143.0  309.0  311.0  576.0  122.0   51.0   83.0  387.0  312.0  234.0  198.0   75.0  305.0   56.0   58.0   33.0  455.0  426.0  254.0   49.0    5.0
  '(6.5-7.5]'        21.0   68.0  125.0   74.0  192.0  139.0  213.0   87.0   58.0   73.0   74.0  201.0  102.0  143.0  126.0  185.0    5.0  108.0   74.0  128.0   32.0   88.0   96.0   95.0   55.0   62.0
  '(7.5-8.5]'        26.0    3.0  182.0    4.0   50.0   48.0   66.0   56.0    5.0   24.0    9.0   92.0   35.0   55.0   98.0  138.0    1.0   44.0   48.0   85.0   34.0   25.0   28.0   41.0  253.0   71.0
  '(8.5-9.5]'         4.0    1.0  108.0    1.0   21.0  157.0    6.0   36.0    1.0    8.0    7.0  173.0   18.0    4.0   31.0   51.0    1.0   13.0  223.0  156.0   19.0   23.0   12.0   45.0  260.0   55.0
  '(9.5-10.5]'        1.0    1.0   64.0    1.0   15.0  136.0    1.0   12.0    1.0    1.0    1.0   31.0   18.0    1.0    2.0   13.0    1.0    5.0  126.0  126.0  110.0   27.0    2.0   28.0   74.0  116.0
  '(10.5-11.5]'       1.0    1.0   16.0    1.0    1.0   56.0    1.0    2.0    1.0    1.0    1.0   12.0   17.0    1.0    1.0    1.0    1.0    1.0  246.0   64.0  261.0   21.0    1.0   25.0   35.0  192.0
  '(11.5-12.5]'       1.0    1.0    1.0    1.0    1.0    5.0    1.0    1.0    1.0    1.0    1.0    3.0    6.0    1.0    1.0    1.0    1.0    1.0   17.0   52.0  136.0   11.0    1.0   16.0   10.0  226.0
  '(12.5-13.5]'       1.0    1.0    1.0    1.0    1.0    1.0    1.0    1.0    1.0    1.0    1.0    1.0    1.0    1.0    1.0    1.0    1.0    1.0    1.0   74.0   63.0    1.0    1.0    1.0    2.0   65.0
  '(13.5-14.5]'       1.0    1.0    1.0    1.0    1.0    1.0    1.0    1.0    1.0    1.0    1.0    1.0    1.0    1.0    1.0    1.0    1.0    1.0    1.0   55.0   82.0    1.0    1.0    1.0    1.0    1.0
  '(14.5-inf)'        1.0    1.0    1.0    1.0    1.0    1.0    1.0    1.0    1.0    1.0    1.0    1.0    1.0    1.0    1.0    1.0    1.0    1.0    1.0   21.0    1.0    1.0    1.0    1.0    1.0    1.0
  [total]           803.0  780.0  750.0  819.0  782.0  789.0  787.0  748.0  769.0  761.0  775.0  806.0  797.0  767.0  817.0  797.0  772.0  762.0  810.0  827.0  778.0  801.0  748.0  753.0  766.0  800.0

xy2br
  '(-inf-3.5]'        1.0    1.0    1.0   11.0    1.0   31.0    1.0    1.0    1.0    1.0    7.0    1.0    8.0    1.0  276.0    1.0    1.0    1.0   19.0    1.0    1.0    1.0    1.0    1.0    1.0    1.0
  '(3.5-4.5]'         1.0    1.0    1.0   68.0    1.0  101.0    5.0    2.0   20.0    7.0   37.0    3.0   36.0    3.0  279.0    1.0    1.0    1.0  129.0    1.0    8.0    1.0    1.0    1.0    1.0   17.0
  '(4.5-5.5]'         8.0   55.0    1.0  272.0    1.0  264.0   12.0   16.0   52.0   51.0   73.0   16.0   43.0   10.0  117.0    2.0    1.0   26.0  134.0    3.0   49.0    8.0    7.0    4.0    1.0  135.0
  '(5.5-6.5]'        30.0  270.0    3.0  299.0    1.0  188.0   18.0   44.0   29.0   58.0   98.0   49.0  140.0   53.0   65.0    5.0  101.0   77.0   38.0   15.0   29.0   59.0   57.0   12.0   35.0  127.0
  '(6.5-7.5]'        51.0  357.0   11.0  107.0    2.0   87.0   29.0  145.0   77.0   99.0   98.0  100.0  153.0   99.0   38.0   49.0  256.0  269.0   70.0   50.0  154.0  132.0  132.0   34.0  161.0   73.0
  '(7.5-8.5]'       393.0   64.0   21.0   37.0  126.0   73.0   81.0  425.0  514.0  133.0   92.0  417.0  284.0  422.0   16.0  149.0  254.0  252.0  312.0  345.0  415.0  428.0  382.0  111.0  481.0  347.0
  '(8.5-9.5]'       216.0   25.0   40.0   13.0  311.0   36.0  212.0   85.0   53.0  114.0   89.0   94.0   73.0  109.0   19.0  282.0  139.0   85.0   84.0  319.0  115.0  114.0  114.0  119.0   78.0   88.0
  '(9.5-10.5]'       43.0    1.0   66.0    3.0   91.0    3.0  230.0   21.0   10.0   92.0  156.0   78.0   33.0   51.0    1.0  187.0   13.0   39.0   18.0   69.0    1.0   45.0   45.0  159.0    2.0    6.0
  '(10.5-11.5]'      27.0    1.0  135.0    4.0   39.0    1.0  125.0    4.0    3.0   83.0   84.0   39.0   17.0   14.0    1.0   92.0    1.0    7.0    1.0   14.0    1.0    8.0    4.0  245.0    1.0    1.0
  '(11.5-12.5]'      24.0    1.0  143.0    1.0   32.0    1.0   51.0    1.0    6.0   50.0   18.0    3.0    5.0    1.0    1.0   25.0    1.0    1.0    1.0    6.0    1.0    1.0    1.0   58.0    1.0    1.0
  '(12.5-13.5]'       4.0    1.0  183.0    1.0   33.0    1.0   19.0    1.0    1.0   52.0   20.0    3.0    2.0    1.0    1.0    1.0    1.0    1.0    1.0    1.0    1.0    1.0    1.0    6.0    1.0    1.0
  '(13.5-14.5]'       3.0    1.0  125.0    1.0   77.0    1.0    2.0    1.0    1.0   17.0    1.0    1.0    1.0    1.0    1.0    1.0    1.0    1.0    1.0    1.0    1.0    1.0    1.0    1.0    1.0    1.0
  '(14.5-inf)'        1.0    1.0   19.0    1.0   66.0    1.0    1.0    1.0    1.0    3.0    1.0    1.0    1.0    1.0    1.0    1.0    1.0    1.0    1.0    1.0    1.0    1.0    1.0    1.0    1.0    1.0
  [total]           802.0  779.0  749.0  818.0  781.0  788.0  786.0  747.0  768.0  760.0  774.0  805.0  796.0  766.0  816.0  796.0  771.0  761.0  809.0  826.0  777.0  800.0  747.0  752.0  765.0  799.0

x-ege
  '(-inf-0.5]'        1.0    1.0   43.0    1.0  199.0  204.0    1.0    1.0  604.0  301.0  423.0    1.0    1.0    1.0   86.0    1.0    1.0  163.0  218.0    1.0    1.0    1.0  204.0    1.0    1.0   27.0
  '(0.5-1.5]'        49.0   54.0  358.0    1.0   38.0  218.0   96.0    1.0   24.0  262.0  140.0    1.0    1.0    1.0  365.0    2.0    2.0   83.0  185.0    1.0    2.0    1.0  297.0    1.0    1.0  410.0
  '(1.5-2.5]'       416.0  405.0  166.0  217.0  226.0  174.0  421.0   19.0   34.0   60.0   56.0    1.0    1.0  201.0   97.0  192.0  191.0  325.0  230.0    7.0  303.0  244.0  115.0   16.0    1.0  121.0
  '(2.5-3.5]'       167.0   95.0   35.0  325.0  182.0   46.0   64.0  483.0   78.0   78.0   81.0    1.0   22.0  369.0   49.0  445.0  321.0   96.0   99.0  588.0  254.0  394.0  105.0  360.0    3.0   65.0
  '(3.5-4.5]'        52.0   45.0   73.0  107.0   67.0   67.0   89.0   42.0   13.0   39.0   17.0    3.0   86.0   61.0   84.0   73.0   61.0   47.0   23.0   46.0   55.0  119.0   16.0  163.0    2.0   76.0
  '(4.5-5.5]'        75.0   31.0   26.0   93.0   40.0   51.0   28.0   42.0    5.0    9.0   14.0   38.0  308.0   78.0   76.0   39.0   39.0   32.0   34.0   69.0   58.0   21.0    1.0   80.0   54.0   48.0
  '(5.5-6.5]'        19.0   85.0   31.0   50.0   16.0   18.0   30.0  103.0    4.0    5.0   30.0   92.0  294.0    6.0   29.0   19.0   87.0    7.0    8.0   46.0   49.0   13.0    3.0   68.0  149.0   29.0
  '(6.5-7.5]'         9.0   43.0    7.0   18.0    3.0    2.0   24.0   35.0    1.0    1.0    7.0  159.0   53.0    7.0   16.0    8.0   48.0    3.0    6.0   27.0   37.0    2.0    1.0   36.0  184.0   11.0
  '(7.5-inf)'        10.0   16.0    6.0    2.0    6.0    4.0   29.0   17.0    1.0    1.0    2.0  505.0   26.0   38.0   10.0   13.0   17.0    1.0    2.0   37.0   14.0    1.0    1.0   23.0  366.0    8.0
  [total]           798.0  775.0  745.0  814.0  777.0  784.0  782.0  743.0  764.0  756.0  770.0  801.0  792.0  762.0  812.0  792.0  767.0  757.0  805.0  822.0  773.0  796.0  743.0  748.0  761.0  795.0

xegvy
  '(-inf-5.5]'      120.0   15.0    1.0   11.0    1.0    1.0    2.0    4.0    1.0    2.0   15.0  256.0    1.0    4.0    1.0   27.0   46.0    5.0    4.0   10.0    1.0   15.0   10.0   31.0    1.0    1.0
  '(5.5-6.5]'       342.0   30.0    7.0   42.0    4.0    1.0    9.0   25.0    5.0  268.0  156.0  349.0    5.0   15.0    1.0   26.0  155.0   53.0    6.0   17.0    1.0   26.0   18.0   54.0    2.0    1.0
  '(6.5-7.5]'       256.0   89.0   55.0  112.0   23.0   10.0  170.0   77.0   37.0  331.0  270.0   58.0   69.0   48.0    2.0   73.0  413.0   96.0   25.0   40.0    5.0   55.0   92.0  122.0   12.0    2.0
  '(7.5-8.5]'        46.0  544.0  180.0  582.0  580.0  240.0  252.0  524.0  639.0   97.0  247.0   54.0  391.0  568.0   27.0  343.0   98.0  330.0  250.0  112.0    8.0  540.0  458.0  479.0   41.0   20.0
  '(8.5-9.5]'        14.0   64.0  328.0   51.0  100.0  198.0  250.0   68.0   61.0   42.0   30.0   46.0  249.0   97.0  199.0  255.0   35.0  184.0   79.0  535.0  120.0   95.0  149.0   26.0  139.0   49.0
  '(9.5-10.5]'       11.0   19.0  133.0   12.0   41.0  314.0   64.0   24.0   18.0   12.0   20.0   11.0   45.0   22.0  508.0   36.0   16.0   78.0  124.0   99.0  401.0   31.0   12.0   16.0  164.0  189.0
  '(10.5-11.5]'       7.0   11.0   33.0    2.0   23.0   17.0   31.0   17.0    1.0    2.0   25.0    8.0   27.0    4.0   59.0    4.0    2.0    9.0  199.0    7.0  153.0   19.0    2.0   14.0  284.0  503.0
  '(11.5-12.5]'       1.0    2.0    7.0    1.0    4.0    2.0    2.0    3.0    1.0    1.0    6.0    8.0    4.0    2.0   12.0    5.0    1.0    1.0  112.0    1.0   68.0    9.0    1.0    5.0   97.0   18.0
  '(12.5-inf)'        1.0    1.0    1.0    1.0    1.0    1.0    2.0    1.0    1.0    1.0    1.0   11.0    1.0    2.0    3.0   23.0    1.0    1.0    6.0    1.0   16.0    6.0    1.0    1.0   21.0   12.0
  [total]           798.0  775.0  745.0  814.0  777.0  784.0  782.0  743.0  764.0  756.0  770.0  801.0  792.0  762.0  812.0  792.0  767.0  757.0  805.0  822.0  773.0  796.0  743.0  748.0  761.0  795.0

y-ege
  '(-inf-0.5]'        2.0    1.0    1.0    1.0    1.0    1.0    1.0  192.0  209.0  316.0  194.0  188.0  272.0    1.0    1.0    1.0    1.0    1.0  193.0  226.0  210.0    1.0    1.0    1.0  266.0  216.0
  '(0.5-1.5]'       120.0    1.0    1.0    2.0    1.0   65.0    1.0    1.0  197.0  216.0  124.0   83.0  241.0    1.0    1.0    1.0    1.0    1.0  207.0  212.0  336.0    1.0    1.0    6.0  202.0   43.0
  '(1.5-2.5]'       262.0    4.0   70.0   66.0    1.0  315.0    1.0   29.0   79.0   40.0  164.0  325.0  128.0   68.0   72.0    8.0    4.0    6.0  130.0  183.0   52.0    8.0    1.0  129.0  139.0  217.0
  '(2.5-3.5]'       223.0    9.0  160.0  378.0   11.0  203.0   26.0  251.0   91.0    3.0   95.0   73.0   64.0  342.0  276.0   84.0   67.0   39.0   68.0   73.0   67.0  168.0    1.0  211.0   50.0   71.0
  '(3.5-4.5]'       101.0   57.0  370.0  177.0  136.0   36.0  318.0  103.0   67.0   31.0   30.0   34.0   19.0  198.0  289.0  144.0  198.0   67.0   51.0   53.0   36.0  319.0    5.0  167.0   46.0   65.0
  '(4.5-5.5]'        32.0  125.0   56.0   56.0  149.0   29.0  192.0   68.0   63.0   20.0   23.0   35.0   29.0  117.0   72.0  222.0  189.0  206.0   64.0   36.0   20.0   38.0   89.0   97.0   14.0   33.0
  '(5.5-7.5]'        34.0  362.0   40.0   82.0  356.0   64.0  170.0   51.0   23.0   77.0  105.0   44.0   32.0   30.0   90.0  246.0  286.0   41.0   63.0   28.0   35.0  176.0  365.0   79.0   11.0   86.0
  '(7.5-inf)'        23.0  215.0   46.0   51.0  121.0   70.0   72.0   47.0   34.0   52.0   34.0   18.0    6.0    4.0   10.0   85.0   20.0  395.0   28.0   10.0   16.0   84.0  279.0   57.0   32.0   63.0
  [total]           797.0  774.0  744.0  813.0  776.0  783.0  781.0  742.0  763.0  755.0  769.0  800.0  791.0  761.0  811.0  791.0  766.0  756.0  804.0  821.0  772.0  795.0  742.0  747.0  760.0  794.0

yegvx
  '(-inf-2.5]'        7.0    1.0    1.0    1.0    1.0    5.0    1.0    1.0    2.0    1.0    1.0    2.0    5.0    1.0    1.0    1.0    1.0   19.0    1.0   14.0    1.0    1.0    2.0    1.0    2.0    1.0
  '(2.5-4.5]'        37.0    5.0    2.0   15.0    8.0   17.0    1.0    4.0    3.0   16.0    2.0   18.0   31.0    2.0    9.0    1.0    6.0   18.0  177.0   31.0    9.0    4.0   16.0    7.0   20.0  175.0
  '(4.5-5.5]'        31.0    6.0    6.0   56.0   20.0   88.0    1.0   11.0   10.0   21.0   69.0   39.0   55.0   10.0   22.0    3.0   25.0   22.0  152.0   68.0    6.0   34.0   42.0   23.0   58.0  140.0
  '(5.5-6.5]'        59.0   31.0   31.0   56.0   36.0  295.0   11.0   55.0   12.0   99.0  130.0   78.0  107.0   36.0   72.0   21.0   32.0   40.0   47.0  176.0   25.0   62.0   52.0   66.0  167.0   57.0
  '(6.5-7.5]'       206.0   47.0  162.0  189.0  124.0  217.0   75.0  144.0  145.0  242.0   65.0  148.0  266.0  120.0  168.0   70.0   37.0   91.0  113.0  146.0  137.0  169.0  134.0  101.0  126.0   56.0
  '(7.5-8.5]'       334.0   87.0  136.0  346.0  201.0   80.0  136.0  397.0  508.0  305.0  348.0  421.0  294.0  512.0  407.0  251.0  112.0  391.0  294.0  365.0  529.0  418.0  401.0  116.0  348.0  336.0
  '(8.5-9.5]'        74.0  279.0  198.0   97.0  191.0   38.0  249.0   84.0   32.0   35.0   75.0   76.0   20.0   51.0  100.0  217.0   90.0   74.0   15.0   13.0   52.0   82.0   61.0  141.0   17.0   23.0
  '(9.5-10.5]'       33.0  261.0  178.0   36.0  125.0   15.0  169.0   32.0   32.0   23.0   51.0   12.0   12.0   18.0   26.0  132.0  188.0   54.0    5.0    8.0    7.0   23.0   19.0  124.0   16.0    5.0
  '(10.5-11.5]'      17.0   46.0   27.0   12.0   51.0   22.0  120.0   13.0   15.0    9.0   26.0    5.0    2.0    7.0    7.0   41.0  260.0   39.0    1.0    1.0    7.0    3.0   12.0  146.0    4.0    1.0
  '(11.5-12.5]'       1.0   13.0    1.0    7.0   20.0    8.0    6.0    3.0    6.0    5.0    2.0    3.0    1.0    5.0    1.0   27.0   16.0    9.0    1.0    1.0    1.0    1.0    5.0   14.0    4.0    2.0
  '(12.5-inf)'        1.0    1.0    5.0    1.0    2.0    1.0   15.0    1.0    1.0    2.0    3.0    1.0    1.0    2.0    1.0   30.0    2.0    2.0    1.0    1.0    1.0    1.0    1.0   11.0    1.0    1.0
  [total]           800.0  777.0  747.0  816.0  779.0  786.0  784.0  745.0  766.0  758.0  772.0  803.0  794.0  764.0  814.0  794.0  769.0  759.0  807.0  824.0  775.0  798.0  745.0  750.0  763.0  797.0



Time taken to build model: 0.94 seconds

=== Stratified cross-validation ===
=== Summary ===

Correctly Classified Instances       14801               74.005  %
Incorrectly Classified Instances      5199               25.995  %
Kappa statistic                          0.7296
Mean absolute error                      0.0232
Root mean squared error                  0.1192
Relative absolute error                 31.3009 %
Root relative squared error             61.9645 %
Total Number of Instances            20000     

=== Detailed Accuracy By Class ===

                 TP Rate  FP Rate  Precision  Recall   F-Measure  MCC      ROC Area  PRC Area  Class
                 0,862    0,007    0,841      0,862    0,851      0,845    0,986     0,910     A
                 0,757    0,023    0,563      0,757    0,646      0,637    0,981     0,760     B
                 0,697    0,004    0,875      0,697    0,776      0,774    0,987     0,867     C
                 0,733    0,014    0,684      0,733    0,707      0,695    0,979     0,795     D
                 0,600    0,009    0,728      0,600    0,658      0,649    0,980     0,764     E
                 0,766    0,010    0,758      0,766    0,762      0,752    0,979     0,838     F
                 0,728    0,016    0,649      0,728    0,686      0,674    0,971     0,776     G
                 0,575    0,009    0,703      0,575    0,633      0,624    0,951     0,692     H
                 0,760    0,006    0,826      0,760    0,792      0,785    0,966     0,833     I
                 0,762    0,004    0,869      0,762    0,812      0,807    0,978     0,860     J
                 0,735    0,001    0,979      0,735    0,839      0,843    0,960     0,852     L
                 0,855    0,016    0,694      0,855    0,766      0,760    0,992     0,895     M
                 0,789    0,011    0,747      0,789    0,768      0,758    0,981     0,867     N
                 0,736    0,014    0,666      0,736    0,699      0,688    0,977     0,795     O
                 0,804    0,007    0,837      0,804    0,820      0,813    0,981     0,887     P
                 0,687    0,023    0,547      0,687    0,609      0,596    0,979     0,722     Q
                 0,803    0,021    0,599      0,803    0,686      0,680    0,984     0,778     R
                 0,667    0,018    0,591      0,667    0,626      0,612    0,967     0,678     S
                 0,721    0,005    0,864      0,721    0,786      0,782    0,977     0,838     T
                 0,742    0,005    0,870      0,742    0,801      0,796    0,984     0,866     U
                 0,780    0,003    0,909      0,780    0,839      0,836    0,985     0,886     V
                 0,640    0,008    0,764      0,640    0,697      0,688    0,982     0,801     X
                 0,726    0,004    0,864      0,726    0,789      0,785    0,986     0,861     Z
                 0,708    0,016    0,629      0,708    0,666      0,653    0,971     0,760     K
                 0,856    0,010    0,766      0,856    0,809      0,802    0,994     0,909     W
                 0,735    0,006    0,838      0,735    0,783      0,777    0,985     0,857     Y
Weighted Avg.    0,740    0,010    0,756      0,740    0,743      0,735    0,979     0,822     

=== Confusion Matrix ===

   a   b   c   d   e   f   g   h   i   j   k   l   m   n   o   p   q   r   s   t   u   v   w   x   y   z   <-- classified as
 680   5   0   2   1   0   0   6   0   3   2  15  13   2   0  17  12  11   1   0   0  12   0   1   5   1 |   a = A
   0 580   0  13   0   0   8   7   6   1   0  20  14   4   0   7  62   8   0   0   1   9   3   9  14   0 |   b = B
   0   0 513   0  48   6  57   0   7   0   0   3   8   5   0  30   1   8   2   5   0   1   2  36   1   3 |   c = C
  10  63   1 590   0   6   4  14   2   6   0   0   1  24   4   8  48   5   0   0   0   3   0  16   0   0 |   d = D
   0  18  17   0 461   3  43   2   4   1   0   1   2   0   0  38   5  30  16   9   1  50  18  46   3   0 |   e = E
   0  22   0  18   5 594   7   3   1   1   0   2   9   0  31   3  10  37   7   0   0   9   2   4   6   4 |   f = F
   7   9  20   6   6   0 563   1   0   2   0  10   4   6   1  63  11  22   0   0   1   3   2  11  25   0 |   g = G
   2  39   0  45   2   9   4 422  10   0   0  15  13  35   3   9  49   2   0   5   5   4   0  45   8   8 |   h = H
   3  20   1  30  15   5   1   6 574  21   0   0   0   0  11  19   4  37   0   0   0   4   0   0   0   4 |   i = I
   3  16   0  13   2  15   0   9   4 569   0   3   2   4  13  14  29  30   2   2   0   2  13   2   0   0 |   j = J
  22  17   3   0   1   0  17   5   0  28 559   5  19   1   0  42   7   8   1   2   0   4   1  19   0   0 |   k = L
  24  14   0   0   0   0   6   3   0   0   0 677  18   4   0   0  14   0   0   1   0   0   0  22   9   0 |   l = M
   0  13   0  28   0   2   2  12   1   6   0  21 618   8   2   0  20   1   0  12   5   1   0   6  23   2 |   m = N
   1  14   2  20   0   0  33   8   9   0   0  14   8 554   7  33  23   1   0   5   0   0   0   7  14   0 |   n = O
   0  10   0  15   5  43  11   5   0   1   0   3   2   5 646  18   0   2   1   0   0   0   0   1  23  12 |   o = P
   5  15   1   5   2   0  36   1   0   4   1  16   2 105   0 538   9  29   0   2   5   1   2   3   0   1 |   p = Q
   2  28   0  31   2   0   9  13   1   0   0  21  21   1   0   9 609   2   0   0   0   4   0   4   1   0 |   q = R
  37  55   3   3   6  17  17  14   8   4   5   1   0   2   6  28   8 499   7   7   3   7   8   2   1   0 |   r = S
   0   7   5   2  20  27  12   6  15   0   0   0   2   3   0   3   1  23 574  18  13  10   5  25   0  25 |   s = T
   0   4   5   5   3   0   7   5   1   0   0  55  38  31   0  25   0   4   0 603   8   1   0  10   5   3 |   t = U
   0   9   0   0   0   7   6   3   0   0   0  16  13   0  28  10   2   1   0   3 596   1   0   0  37  32 |   u = V
   4  36   0  10  15   8   5   6  45   1   0   1   0  34   0   3   6  23   4   2   0 504  28  39   0  13 |   v = X
   9  11   9   2  23  13   0   4   7   7   2   1   1   0   0  24  30  44   5   0   0   7 533   1   0   1 |   w = Z
   0  18   6  17  16   2  10  22   0   0   2  27   7   0   0   3  57   3   0   3   0  22   0 523   1   0 |   x = K
   0   6   0   0   0   0  10  20   0   0   0  39   7   3   0   6   0   0   0   2  12   0   0   0 644   3 |   y = W
   0   2   0   8   0  27   0   3   0   0   0  10   5   1  20  33   0  15  44  12   6   1   0   0  21 578 |   z = Y

