=== Run information ===

Scheme:       weka.classifiers.bayes.NaiveBayes -K
Relation:     AV2
Instances:    20000
Attributes:   17
              lettr
              x-box
              y-box
              width
              high
              onpix
              x-bar
              y-bar
              x2bar
              y2bar
              xybar
              x2ybr
              xy2br
              x-ege
              xegvy
              y-ege
              yegvx
Test mode:    10-fold cross-validation

=== Classifier model (full training set) ===

Naive Bayes Classifier

                        Class
Attribute                   A        B        C        D        E        F        G        H        I        J        L        M        N        O        P        Q        R        S        T        U        V        X        Z        K        W        Y
                       (0.04)   (0.04)   (0.04)   (0.04)   (0.04)   (0.04)   (0.04)   (0.04)   (0.04)   (0.04)   (0.04)   (0.04)   (0.04)   (0.04)   (0.04)   (0.04)   (0.04)   (0.04)   (0.04)   (0.04)   (0.04)   (0.04)   (0.04)   (0.04)   (0.04)   (0.04)
===============================================================================================================================================================================================================================================================
x-box
  [# kernels]               10       12       11       10       11       11       10       12       10       10       11       15       11       10       13       10       12       10       11       12       11       12       10       13       13       11
  [std. dev]            0.3204   0.3974   0.3686   0.3172   0.3608   0.3592   0.3237    0.406   0.3275   0.3293   0.3625   0.4975   0.3574    0.328   0.4235   0.3216   0.4359   0.3291   0.3544   0.3858   0.3618   0.3921   0.3322   0.4414   0.4376   0.3567
  [precision]                1        1        1        1        1        1        1        1        1        1        1        1        1        1        1        1        1        1        1        1        1        1        1        1        1        1
  K1: mean (weight)     1 (55)    0 (1)    0 (2)   1 (37)    0 (5)    0 (4)   1 (29)   1 (28)   0 (87)   0 (26)    0 (2)   1 (20)   1 (35)   1 (34)    0 (1)   1 (43)   1 (32)   1 (31)    0 (1)   1 (18)   1 (36)    0 (1)   1 (58)    0 (1)   1 (16)    0 (1)
  K2: mean (weight)    2 (184)   1 (47)   1 (38)  2 (115)   1 (40)   1 (41)  2 (113)   2 (73)  1 (264)  1 (114)   1 (66)   2 (52)   2 (81)  2 (107)   1 (41)  2 (119)  2 (101)   2 (97)   1 (32)   2 (77)   2 (97)   1 (29)  2 (139)   1 (25)   2 (41)   1 (52)
  K3: mean (weight)    3 (258)  2 (111)  2 (117)  3 (163)  2 (115)  2 (123)  3 (159)  3 (170)  2 (131)  2 (210)  2 (156)  3 (118)  3 (145)  3 (132)  2 (110)  3 (141)  3 (161)  3 (161)  2 (160)  3 (158)  3 (171)   2 (92)  3 (152)   2 (70)  3 (103)  2 (118)
  K4: mean (weight)    4 (149)  3 (160)  3 (141)  4 (202)  3 (199)  3 (181)  4 (186)  4 (166)   3 (97)  3 (141)  3 (205)  4 (170)  4 (161)  4 (195)  3 (149)  4 (188)  4 (218)  4 (195)  3 (179)  4 (186)  4 (168)  3 (207)  4 (174)  3 (129)  4 (171)  3 (177)
  K5: mean (weight)     5 (70)  4 (192)  4 (172)  5 (153)  4 (193)  4 (183)  5 (137)  5 (127)   4 (77)  4 (108)  4 (173)  5 (184)  5 (154)  5 (146)  4 (196)  5 (140)  5 (121)  5 (121)  4 (130)  5 (160)  5 (107)  4 (209)  5 (103)  4 (184)  5 (129)  4 (131)
  K6: mean (weight)     6 (41)  5 (126)  5 (123)   6 (79)  5 (121)  5 (134)   6 (82)   6 (78)   5 (43)   5 (83)   5 (92)  6 (114)   6 (99)   6 (76)  5 (112)   6 (87)   6 (60)   6 (66)  5 (129)   6 (93)   6 (76)  5 (112)   6 (53)  5 (133)  6 (118)  5 (109)
  K7: mean (weight)     7 (19)   6 (63)   6 (76)   7 (27)   6 (61)   6 (62)   7 (45)   7 (42)   6 (25)   6 (46)   6 (35)   7 (65)   7 (42)   7 (36)   6 (92)   7 (42)   7 (26)   7 (50)   6 (81)   7 (52)   7 (52)   6 (59)   7 (31)   6 (94)   7 (65)   6 (78)
  K8: mean (weight)      8 (7)   7 (27)   7 (39)   8 (17)   7 (24)   7 (23)   8 (11)   8 (30)   7 (26)   7 (14)   7 (17)   8 (29)   8 (30)   8 (11)   7 (44)   8 (14)   8 (18)   8 (16)   7 (47)   8 (28)   8 (31)   7 (40)   8 (13)   7 (51)   8 (52)   7 (60)
  K9: mean (weight)      9 (5)   8 (23)   8 (14)    9 (9)    8 (6)   8 (14)    9 (7)   9 (12)    8 (3)    8 (4)    8 (9)   9 (12)   9 (12)   9 (12)   8 (29)    9 (8)   9 (12)    9 (9)   8 (25)   9 (29)   9 (17)   8 (15)    9 (9)   8 (30)   9 (23)   8 (34)
  K10: mean (weight)    10 (1)    9 (9)   9 (12)   10 (3)    9 (3)    9 (7)   10 (4)   10 (3)    9 (2)    9 (1)    9 (5)  10 (10)  10 (16)   10 (4)   9 (16)   10 (1)   10 (6)   10 (2)    9 (8)   10 (7)   10 (7)   9 (14)   10 (2)   9 (10)  10 (19)   9 (21)
  K11: mean (weight)        --   10 (3)   10 (2)       --   10 (1)   10 (3)       --   11 (4)       --       --   10 (1)  11 (10)   11 (8)       --   10 (6)       --   12 (2)       --   10 (4)   11 (2)   11 (2)   10 (6)       --   10 (5)   11 (6)   10 (5)
  K12: mean (weight)        --   11 (4)       --       --       --       --       --   12 (1)       --       --       --   12 (1)       --       --   11 (4)       --   13 (1)       --       --   12 (3)       --   11 (3)       --   11 (5)   12 (8)       --
  K13: mean (weight)        --       --       --       --       --       --       --       --       --       --       --   13 (2)       --       --   12 (3)       --       --       --       --       --       --       --       --   12 (2)   13 (1)       --
  K14: mean (weight)        --       --       --       --       --       --       --       --       --       --       --   14 (3)       --       --       --       --       --       --       --       --       --       --       --       --       --       --
  K15: mean (weight)        --       --       --       --       --       --       --       --       --       --       --   15 (2)       --       --       --       --       --       --       --       --       --       --       --       --       --       --

y-box
  [# kernels]               16       16       16       16       16       16       16       16       16       15       16       16       16       16       16       16       16       16       16       16       16       16       16       16       16       16
  [std. dev]             0.534    0.542   0.5529   0.5287   0.5413   0.5388   0.5395   0.5537   0.5459   0.5122   0.5437    0.533   0.5361   0.5466   0.5293   0.5361   0.5448   0.5485   0.5317   0.5261   0.5427   0.5347   0.5537   0.5518    0.547    0.535
  [precision]                1        1        1        1        1        1        1        1        1        1        1        1        1        1        1        1        1        1        1        1        1        1        1        1        1        1
  K1: mean (weight)     0 (26)   0 (29)   0 (26)   0 (27)   0 (25)   0 (28)   0 (27)   0 (24)   0 (31)   0 (31)   0 (37)   0 (30)   0 (28)   0 (29)   0 (18)   0 (30)   0 (30)   0 (20)   0 (23)   0 (32)   0 (30)   0 (21)   0 (28)   0 (20)   0 (31)   0 (28)
  K2: mean (weight)     1 (40)   1 (32)   1 (37)   1 (26)   1 (27)   1 (23)   1 (34)   1 (31)   1 (38)   1 (24)   1 (11)   1 (36)   1 (30)   1 (30)   1 (42)   1 (19)   1 (31)   1 (18)   1 (33)   1 (24)   1 (27)   1 (36)   1 (29)   1 (32)   1 (28)   1 (40)
  K3: mean (weight)     2 (25)   2 (23)   2 (17)   2 (18)   2 (21)   2 (18)   2 (17)   2 (22)   2 (17)   2 (20)   2 (19)   2 (24)   2 (24)   2 (14)   2 (15)   2 (58)   2 (17)   2 (17)   2 (10)   2 (21)   2 (18)   2 (20)   2 (17)   2 (16)   2 (24)   2 (18)
  K4: mean (weight)     3 (54)   3 (62)   3 (40)   3 (44)   3 (61)   3 (67)   3 (50)   3 (52)   3 (55)   3 (53)   3 (62)   3 (54)   3 (42)   3 (51)   3 (49)   3 (53)   3 (47)   3 (43)   3 (57)   3 (60)   3 (45)   3 (52)   3 (42)   3 (44)   3 (42)   3 (49)
  K5: mean (weight)     4 (57)   4 (42)   4 (57)   4 (69)   4 (46)   4 (48)   4 (67)   4 (58)   4 (44)   4 (46)   4 (43)   4 (55)   4 (54)   4 (45)   4 (55)   4 (48)   4 (56)   4 (51)   4 (55)   4 (51)   4 (37)   4 (50)   4 (58)   4 (49)   4 (48)   4 (53)
  K6: mean (weight)     5 (49)   5 (59)   5 (48)   5 (57)   5 (61)   5 (60)   5 (60)   5 (62)   5 (59)   5 (52)   5 (54)   5 (55)   5 (69)   5 (58)   5 (59)   5 (90)   5 (51)   5 (57)   5 (67)   5 (69)   5 (48)   5 (64)   5 (73)   5 (58)   5 (46)   5 (81)
  K7: mean (weight)     6 (56)   6 (72)   6 (57)   6 (72)   6 (57)   6 (54)   6 (56)   6 (54)   6 (67)   6 (82)   6 (72)   6 (68)   6 (54)   6 (61)   6 (78)   6 (97)   6 (68)   6 (62)   6 (71)   6 (67)   6 (69)   6 (70)   6 (57)   6 (54)   6 (52)   6 (78)
  K8: mean (weight)     7 (91)   7 (81)   7 (89)   7 (73)   7 (98)  7 (103)   7 (89)  7 (102)   7 (78)   7 (94)   7 (92)   7 (89)   7 (95)   7 (78)   7 (89)  7 (102)   7 (80)   7 (82)   7 (94)   7 (90)   7 (87)   7 (78)   7 (95)   7 (77)   7 (86)   7 (90)
  K9: mean (weight)     8 (89)   8 (74)   8 (79)  8 (104)   8 (85)   8 (94)   8 (81)   8 (75)   8 (81)   8 (92)   8 (76)   8 (78)   8 (75)   8 (82)   8 (79)   8 (78)   8 (91)   8 (88)   8 (84)   8 (86)   8 (80)   8 (82)   8 (95)   8 (69)   8 (90)   8 (93)
  K10: mean (weight)   9 (121)  9 (108)  9 (101)   9 (98)  9 (117)  9 (101)  9 (100)   9 (89)   9 (92)   9 (95)   9 (99)  9 (108)  9 (107)  9 (111)  9 (106)   9 (98)  9 (108)  9 (103)   9 (88)  9 (104)  9 (105)  9 (116)   9 (96)  9 (123)  9 (110)   9 (98)
  K11: mean (weight)   10 (69)  10 (81)  10 (87)  10 (84)  10 (86)  10 (73)  10 (86)  10 (73)  10 (84)  10 (85)  10 (86) 10 (100)  10 (90) 10 (101)  10 (84)  10 (44)  10 (74)  10 (91) 10 (105) 10 (106)  10 (96)  10 (87)  10 (83)  10 (85)  10 (92)  10 (79)
  K12: mean (weight)   11 (76)  11 (62)  11 (55)  11 (85)  11 (63)  11 (68)  11 (72)  11 (61)  11 (64)  11 (62)  11 (69)  11 (55)  11 (58)  11 (57)  11 (75)  11 (18)  11 (67)  11 (64)  11 (68)  11 (62)  11 (78)  11 (62)  11 (41)  11 (59)  11 (64)  11 (60)
  K13: mean (weight)   12 (12)  12 (13)  12 (18)  12 (15)   12 (8)  12 (14)   12 (9)   12 (9)  12 (17)   12 (5)  12 (10)  12 (13)  12 (16)  12 (10)  12 (17)  12 (17)  12 (11)  12 (16)  12 (12)   12 (9)  12 (13)  12 (13)   12 (6)  12 (16)  12 (18)   12 (4)
  K14: mean (weight)    13 (9)   13 (9)  13 (11)   13 (9)   13 (5)  13 (13)   13 (8)  13 (11)   13 (8)   13 (5)  13 (12)   13 (9)  13 (18)  13 (11)  13 (14)  13 (10)  13 (12)  13 (11)  13 (12)  13 (12)  13 (13)  13 (16)   13 (5)  13 (15)   13 (7)   13 (6)
  K15: mean (weight)    14 (7)   14 (7)  14 (10)  14 (12)   14 (3)   14 (6)  14 (10)   14 (5)  14 (14)   14 (1)   14 (7)   14 (8)   14 (9)   14 (8)  14 (10)  14 (10)   14 (5)   14 (5)   14 (8)   14 (9)  14 (11)   14 (7)   14 (5)  14 (10)   14 (7)   14 (4)
  K16: mean (weight)    15 (8)  15 (12)   15 (4)  15 (12)   15 (5)   15 (5)   15 (7)   15 (6)   15 (6)       --  15 (12)  15 (10)  15 (14)   15 (7)  15 (13)  15 (11)  15 (10)  15 (20)   15 (9)  15 (11)   15 (7)  15 (13)   15 (4)  15 (12)   15 (7)   15 (5)

width
  [# kernels]               10       10        9       10       10       10       10       12       10        9        9       15       13       10       10       11       10       10        9       10       10       11       10       11       13       10
  [std. dev]            0.3204   0.3252   0.2949   0.3172   0.3248   0.3233   0.3237    0.406   0.3275   0.2927     0.29   0.4975   0.4646    0.328   0.3176   0.3574   0.3269   0.3291   0.2836   0.3156   0.3256   0.3565   0.3322   0.3679   0.4376    0.321
  [precision]                1        1        1        1        1        1        1        1        1        1        1        1        1        1        1        1        1        1        1        1        1        1        1        1        1        1
  K1: mean (weight)     2 (49)   1 (15)   1 (12)   1 (14)   1 (25)   1 (27)    1 (4)   1 (13)  0 (195)   1 (37)   1 (24)    1 (1)   1 (10)   1 (10)   1 (12)    1 (8)   1 (10)   1 (10)    1 (7)    1 (6)    1 (1)   1 (14)   1 (13)   1 (18)    1 (2)    1 (4)
  K2: mean (weight)     3 (57)   2 (47)   2 (57)   2 (33)   2 (35)   2 (39)   2 (54)   2 (25)   1 (88)  2 (127)   2 (76)   2 (34)   2 (47)   2 (53)   2 (47)   2 (64)   2 (48)   2 (35)   2 (42)   2 (34)   2 (34)   2 (28)   2 (59)   2 (22)   2 (27)   2 (55)
  K3: mean (weight)    4 (149)   3 (91)   3 (92)   3 (66)  3 (124)  3 (118)   3 (73)   3 (52)  2 (114)  3 (152)  3 (133)   3 (29)   3 (55)   3 (85)   3 (85)   3 (98)   3 (66)   3 (86)  3 (116)   3 (74)   3 (39)   3 (45)   3 (73)   3 (39)   3 (23)   3 (47)
  K4: mean (weight)    5 (234)  4 (155)  4 (154)  4 (172)  4 (191)  4 (156)  4 (180)  4 (138)   3 (76)  4 (168)  4 (181)   4 (95)  4 (131)  4 (158)  4 (133)  4 (148)  4 (146)  4 (153)  4 (183)  4 (149)  4 (142)  4 (148)  4 (177)  4 (118)   4 (53)  4 (135)
  K5: mean (weight)    6 (165)  5 (160)  5 (198)  5 (189)  5 (152)  5 (142)  5 (170)  5 (142)  4 (103)  5 (115)  5 (168)  5 (130)  5 (136)  5 (176)  5 (167)  5 (177)  5 (166)  5 (184)  5 (179)  5 (194)  5 (224)  5 (160)  5 (157)  5 (130)  5 (117)  5 (206)
  K6: mean (weight)     7 (82)  6 (120)  6 (142)  6 (177)  6 (113)  6 (143)  6 (157)  6 (124)   5 (89)   6 (82)  6 (107)  6 (117)  6 (121)  6 (157)  6 (160)  6 (155)  6 (150)  6 (150)  6 (155)  6 (162)  6 (165)  6 (150)  6 (133)  6 (132)  6 (174)  6 (170)
  K7: mean (weight)     8 (34)   7 (84)   7 (52)   7 (68)   7 (64)   7 (81)   7 (80)   7 (67)   6 (60)   7 (38)   7 (48)  7 (109)   7 (88)   7 (76)   7 (86)   7 (75)   7 (80)   7 (62)   7 (76)   7 (72)   7 (86)   7 (89)   7 (59)   7 (90)  7 (131)   7 (85)
  K8: mean (weight)     9 (16)   8 (62)   8 (25)   8 (63)   8 (43)   8 (47)   8 (44)   8 (83)   7 (18)   8 (20)   8 (18)   8 (99)   8 (92)   8 (24)   8 (63)   8 (44)   8 (51)   8 (47)   8 (33)   8 (67)   8 (52)   8 (80)   8 (41)   8 (90)  8 (118)   8 (70)
  K9: mean (weight)     10 (2)   9 (28)    9 (4)   9 (21)   9 (18)   9 (18)    9 (9)   9 (41)    8 (8)    9 (8)    9 (6)   9 (70)   9 (64)   9 (13)   9 (39)    9 (8)   9 (34)   9 (17)    9 (5)   9 (44)   9 (18)   9 (47)   9 (21)   9 (60)   9 (53)   9 (13)
  K10: mean (weight)    11 (1)   10 (4)       --   10 (2)   10 (3)   10 (4)   10 (2)  10 (28)    9 (4)       --       --  10 (46)  10 (21)   10 (1)  10 (11)   10 (4)   10 (7)   10 (4)       --  10 (11)   10 (3)  10 (21)   10 (1)  10 (29)  10 (32)   10 (1)
  K11: mean (weight)        --       --       --       --       --       --       --  11 (13)       --       --       --  11 (37)  11 (11)       --       --   11 (2)       --       --       --       --       --   11 (5)       --  11 (11)  11 (11)       --
  K12: mean (weight)        --       --       --       --       --       --       --   12 (8)       --       --       --  12 (15)   12 (6)       --       --       --       --       --       --       --       --       --       --       --  12 (10)       --
  K13: mean (weight)        --       --       --       --       --       --       --       --       --       --       --   13 (5)   14 (1)       --       --       --       --       --       --       --       --       --       --       --   13 (1)       --
  K14: mean (weight)        --       --       --       --       --       --       --       --       --       --       --   14 (3)       --       --       --       --       --       --       --       --       --       --       --       --       --       --
  K15: mean (weight)        --       --       --       --       --       --       --       --       --       --       --   15 (2)       --       --       --       --       --       --       --       --       --       --       --       --       --       --

high
  [# kernels]               10       10       10       10       10       11       10       11       11       16       10       10       10       10       13       13       10       10       10       10       10       10       16       10       10       16
  [std. dev]            0.3204   0.3252   0.3317   0.3172   0.3248   0.3592   0.3237   0.3691   0.3639   0.5488   0.3262   0.3198   0.3216    0.328   0.4235   0.4288   0.3269   0.3291    0.319   0.3156   0.3256   0.3208   0.5537   0.3311   0.3282    0.535
  [precision]                1        1        1        1        1        1        1        1        1        1        1        1        1        1        1        1        1        1        1        1        1        1        1        1        1        1
  K1: mean (weight)     0 (18)   0 (13)    0 (9)   0 (10)   0 (10)   0 (22)    0 (9)   0 (21)   0 (26)   0 (16)   0 (15)   0 (18)    0 (5)   0 (13)   0 (15)    0 (4)   0 (12)    0 (8)   0 (16)   0 (15)   0 (13)   0 (18)    0 (7)   0 (15)   0 (14)   0 (23)
  K2: mean (weight)     1 (40)   1 (41)   1 (36)   1 (34)   1 (34)   1 (29)   1 (41)   1 (24)   1 (32)   1 (30)   1 (36)   1 (30)   1 (43)   1 (35)   1 (37)   1 (33)   1 (35)   1 (21)   1 (28)   1 (42)   1 (35)   1 (32)   1 (33)   1 (29)   1 (33)   1 (40)
  K3: mean (weight)     2 (49)   2 (63)   2 (54)   2 (52)   2 (57)   2 (56)   2 (54)   2 (52)   2 (60)   2 (44)   2 (40)   2 (53)   2 (41)   2 (54)   2 (61)   2 (25)   2 (57)   2 (52)   2 (66)   2 (50)   2 (41)   2 (42)   2 (53)   2 (46)   2 (43)   2 (39)
  K4: mean (weight)     3 (67)   3 (58)   3 (59)   3 (80)   3 (69)   3 (59)   3 (59)   3 (57)   3 (52)   3 (62)   3 (57)   3 (76)   3 (68)   3 (58)   3 (50)   3 (47)   3 (52)   3 (54)   3 (56)   3 (66)   3 (56)   3 (73)   3 (65)   3 (56)   3 (61)   3 (42)
  K5: mean (weight)    4 (107)  4 (113)   4 (85)  4 (107)   4 (95)  4 (103)  4 (106)  4 (123)  4 (111)  4 (101)  4 (113)  4 (110)  4 (100)   4 (92)  4 (108)   4 (68)  4 (117)   4 (94)  4 (129)  4 (115)  4 (113)  4 (115)   4 (84)  4 (102)   4 (94)  4 (113)
  K6: mean (weight)    5 (118)   5 (92)  5 (110)   5 (92)  5 (120)  5 (117)  5 (108)  5 (111)   5 (81)   5 (92)  5 (125)  5 (103)  5 (117)  5 (100)   5 (91)   5 (98)   5 (99)  5 (109)  5 (113)  5 (109)   5 (95)   5 (97)   5 (86)   5 (93)  5 (109)   5 (90)
  K7: mean (weight)    6 (148)  6 (147)  6 (137)  6 (185)  6 (158)  6 (152)  6 (137)  6 (117)  6 (145)  6 (109)  6 (118)  6 (135)  6 (147)  6 (136)  6 (140)  6 (119)  6 (153)  6 (157)  6 (139)  6 (155)  6 (130)  6 (154)  6 (132)  6 (131)  6 (145)  6 (130)
  K8: mean (weight)    7 (102)   7 (91)  7 (108)   7 (84)   7 (95)  7 (101)  7 (109)   7 (95)   7 (92)  7 (113)  7 (108)   7 (93)  7 (114)  7 (113)   7 (96)   7 (85)   7 (96)  7 (108)  7 (107)  7 (106)  7 (126)  7 (116)  7 (106)  7 (118)  7 (108)  7 (105)
  K9: mean (weight)    8 (133)  8 (144)  8 (133)  8 (156)  8 (123)  8 (126)  8 (142)  8 (115)  8 (143)  8 (119)  8 (138)  8 (168)  8 (140)  8 (144)  8 (157)  8 (130)  8 (134)  8 (134)  8 (136)  8 (150)  8 (150)  8 (130)  8 (109)  8 (144)  8 (136)  8 (125)
  K10: mean (weight)     9 (7)    9 (4)    9 (5)    9 (5)    9 (7)    9 (5)    9 (8)   9 (11)   9 (12)   9 (28)   9 (11)    9 (6)    9 (8)    9 (8)   9 (22)  9 (100)    9 (3)   9 (11)    9 (6)    9 (5)    9 (5)   9 (10)   9 (20)    9 (5)    9 (9)   9 (26)
  K11: mean (weight)        --       --       --       --       --   10 (5)       --   10 (8)   10 (1)  10 (12)       --       --       --       --  10 (14)  10 (35)       --       --       --       --       --       --  10 (13)       --       --  10 (15)
  K12: mean (weight)        --       --       --       --       --       --       --       --       --   11 (6)       --       --       --       --  11 (10)  11 (35)       --       --       --       --       --       --  11 (12)       --       --  11 (13)
  K13: mean (weight)        --       --       --       --       --       --       --       --       --   12 (9)       --       --       --       --   12 (2)   12 (4)       --       --       --       --       --       --   12 (4)       --       --  12 (12)
  K14: mean (weight)        --       --       --       --       --       --       --       --       --   13 (2)       --       --       --       --       --       --       --       --       --       --       --       --   13 (1)       --       --   13 (7)
  K15: mean (weight)        --       --       --       --       --       --       --       --       --   14 (3)       --       --       --       --       --       --       --       --       --       --       --       --   14 (8)       --       --   14 (4)
  K16: mean (weight)        --       --       --       --       --       --       --       --       --   15 (1)       --       --       --       --       --       --       --       --       --       --       --       --   15 (1)       --       --   15 (2)

onpix
  [# kernels]               10       13       10       13       11       11       13       12        9        9       12       16       13       13       13       14       12       13       10       13       13       10       10       11       16       13
  [std. dev]            0.3204   0.4336   0.3317   0.4229   0.3608   0.3592   0.4316    0.406   0.2911   0.2927   0.3987    0.533   0.4288   0.4373   0.4235   0.5003   0.3995   0.4388    0.319   0.4209   0.4341   0.3208   0.3322   0.3679    0.547    0.428
  [precision]                1        1        1        1        1        1        1        1        1        1        1        1        1        1        1        1        1        1        1        1        1        1        1        1        1        1
  K1: mean (weight)     0 (38)    0 (5)   0 (32)   0 (14)   0 (11)   0 (32)   0 (11)   0 (24)  0 (198)   0 (49)   0 (41)    0 (7)   0 (19)   0 (23)   0 (21)   0 (14)    0 (9)   0 (17)   0 (38)   0 (29)   0 (37)   0 (35)   0 (29)   0 (29)    0 (8)   0 (60)
  K2: mean (weight)    1 (100)   1 (42)  1 (129)   1 (36)   1 (47)  1 (135)   1 (69)   1 (13)  1 (183)  1 (258)  1 (199)   1 (37)   1 (48)   1 (55)   1 (69)   1 (48)   1 (37)   1 (52)  1 (193)  1 (100)  1 (158)  1 (112)   1 (65)   1 (35)   1 (35)  1 (182)
  K3: mean (weight)    2 (230)   2 (83)  2 (224)  2 (136)  2 (190)  2 (191)  2 (199)  2 (146)  2 (150)  2 (150)  2 (170)   2 (47)  2 (172)  2 (156)  2 (180)  2 (106)  2 (122)  2 (184)  2 (173)  2 (221)  2 (206)  2 (160)  2 (184)  2 (153)   2 (60)  2 (160)
  K4: mean (weight)    3 (155)  3 (127)  3 (146)  3 (172)  3 (173)  3 (128)  3 (181)  3 (127)  3 (112)  3 (128)  3 (147)  3 (130)  3 (190)  3 (192)  3 (166)  3 (182)  3 (160)  3 (207)  3 (142)  3 (137)  3 (167)  3 (142)  3 (144)  3 (122)  3 (145)  3 (117)
  K5: mean (weight)    4 (130)  4 (156)   4 (95)  4 (156)  4 (105)  4 (107)   4 (95)  4 (124)   4 (54)   4 (79)   4 (94)  4 (167)  4 (143)  4 (138)  4 (130)  4 (126)  4 (135)  4 (132)   4 (97)  4 (133)   4 (87)  4 (157)  4 (141)  4 (113)  4 (167)   4 (96)
  K6: mean (weight)     5 (64)  5 (110)   5 (56)  5 (124)  5 (104)   5 (66)   5 (98)  5 (101)   5 (25)   5 (47)   5 (57)   5 (77)  5 (115)  5 (100)   5 (76)  5 (116)  5 (101)   5 (59)   5 (64)   5 (92)   5 (40)   5 (96)   5 (99)  5 (111)   5 (97)   5 (58)
  K7: mean (weight)     6 (35)   6 (89)   6 (28)   6 (74)   6 (62)   6 (51)   6 (47)   6 (69)   6 (19)   6 (19)   6 (23)   6 (93)   6 (50)   6 (44)   6 (68)   6 (84)   6 (90)   6 (36)   6 (45)   6 (40)   6 (23)   6 (49)   6 (50)   6 (79)   6 (74)   6 (38)
  K8: mean (weight)     7 (16)   7 (74)   7 (11)   7 (43)   7 (49)   7 (35)   7 (23)   7 (63)    7 (8)   7 (13)   7 (17)   7 (74)   7 (15)   7 (15)   7 (37)   7 (57)   7 (50)   7 (19)   7 (25)   7 (25)   7 (14)   7 (22)   7 (15)   7 (50)   7 (63)   7 (24)
  K9: mean (weight)     8 (16)   8 (42)   8 (12)   8 (37)   8 (19)   8 (18)   8 (28)   8 (37)    8 (6)    8 (4)    8 (4)   8 (56)   8 (11)   8 (13)   8 (24)   8 (27)   8 (25)   8 (13)   8 (14)   8 (12)    8 (8)   8 (11)    8 (6)   8 (25)   8 (33)   8 (18)
  K10: mean (weight)     9 (5)   9 (21)    9 (3)    9 (5)    9 (7)   9 (11)   9 (15)   9 (17)       --       --    9 (6)   9 (40)   9 (14)    9 (7)   9 (14)   9 (10)   9 (17)   9 (14)    9 (5)    9 (5)   9 (12)    9 (3)    9 (1)   9 (16)   9 (25)   9 (10)
  K11: mean (weight)        --   10 (9)       --   10 (2)   10 (1)   10 (1)   10 (3)  10 (12)       --       --   10 (1)  10 (27)   10 (4)   10 (5)  10 (11)   10 (8)   10 (7)   10 (4)       --  10 (10)   10 (9)       --       --   10 (6)  10 (11)  10 (11)
  K12: mean (weight)        --   11 (5)       --   11 (5)       --       --   11 (3)   11 (1)       --       --   11 (2)  11 (16)   11 (1)   11 (3)   11 (6)   11 (3)   11 (5)   11 (7)       --   11 (5)   11 (2)       --       --       --  11 (13)   11 (8)
  K13: mean (weight)        --   12 (3)       --   12 (1)       --       --   12 (1)       --       --       --       --  12 (11)   12 (1)   12 (2)   12 (1)   13 (1)       --   12 (4)       --   12 (4)   12 (1)       --       --       --   12 (7)   12 (4)
  K14: mean (weight)        --       --       --       --       --       --       --       --       --       --       --   13 (6)       --       --       --   14 (1)       --       --       --       --       --       --       --       --   13 (6)       --
  K15: mean (weight)        --       --       --       --       --       --       --       --       --       --       --   14 (2)       --       --       --       --       --       --       --       --       --       --       --       --   14 (4)       --
  K16: mean (weight)        --       --       --       --       --       --       --       --       --       --       --   15 (2)       --       --       --       --       --       --       --       --       --       --       --       --   15 (4)       --

x-bar
  [# kernels]               10        6        8        9        9       12        7        8        8       11       12       12       11        7        9        8        7        7        8        9       10       10       10       10       11        9
  [std. dev]            0.3204   0.1807    0.258    0.282   0.2887   0.3951   0.2158   0.2584   0.2548   0.3659   0.3987   0.3909   0.3574   0.2187   0.2823   0.2502   0.2179   0.2194   0.2481   0.2806   0.3256   0.3208   0.3322   0.3311   0.3647   0.2854
  [precision]                1        1        1        1        1        1        1        1        1        1        1        1        1        1        1        1        1        1        1        1        1        1        1        1        1        1
  K1: mean (weight)     5 (13)  6 (139)    2 (4)  5 (108)    2 (8)   0 (16)   5 (51)    4 (8)    5 (8)    5 (7)  0 (132)   3 (10)    2 (2)    4 (3)   3 (34)    5 (5)  5 (108)   5 (15)    3 (1)    2 (2)    1 (2)    3 (6)    4 (1)    2 (9)   1 (18)   2 (17)
  K2: mean (weight)     6 (51)  7 (220)   3 (33)  6 (118)  3 (148)  1 (143)  6 (230)   5 (30)   6 (32)   6 (22)   1 (16)   4 (20)   3 (10)   5 (15)   4 (96)    6 (6)  6 (203)   6 (58)   4 (40)   3 (58)   2 (33)   4 (20)    5 (8)  3 (106)   2 (38)   3 (71)
  K3: mean (weight)    7 (163)  8 (230)  4 (112)  7 (190)   4 (35)   2 (15)  7 (309)   6 (70)  7 (518)   7 (75)   2 (39)   5 (39)   4 (34)   6 (51)  5 (175)  7 (115)  7 (142)  7 (169)  5 (169)  4 (136)   3 (89)   5 (40)   6 (60)  4 (116)   3 (44)  4 (101)
  K4: mean (weight)    8 (194)  9 (120)  5 (216)  8 (126)   5 (68)   3 (40)  8 (151)  7 (372)   8 (81)  8 (151)   3 (30)   6 (62)   5 (46)  7 (361)  6 (136)  8 (488)  8 (147)  8 (359)  6 (206)   5 (86)   4 (98)   6 (62)  7 (397)  5 (141)  4 (112)   5 (70)
  K5: mean (weight)     9 (79)  10 (45)  6 (255)  9 (174)  6 (124)   4 (48)   9 (22)  8 (150)   9 (57)  9 (152)   4 (89)  7 (259)   6 (82)  8 (300)  7 (159)  9 (106)   9 (98)  9 (113)  7 (240)  6 (104)   5 (52)  7 (389)  8 (154)  6 (156)   5 (95)   6 (78)
  K6: mean (weight)    10 (89)  11 (12)   7 (93)  10 (68)  7 (255)  5 (141)   10 (6)   9 (65)  10 (42) 10 (117)   5 (74)  8 (227)  7 (436)   9 (22)  8 (134)  10 (36)  10 (52)  10 (26)   8 (79)  7 (251)   6 (79)  8 (169)   9 (67)   7 (86)   6 (70)  7 (180)
  K7: mean (weight)   11 (101)       --   8 (21)  11 (16)   8 (81)  6 (152)   11 (4)  10 (29)  11 (12)  11 (57)  6 (111)   9 (85)   8 (88)   10 (1)   9 (59)  11 (18)   11 (8)   11 (8)   9 (49)  8 (148)  7 (199)   9 (59)  10 (18)   8 (60)  7 (172)  8 (127)
  K8: mean (weight)    12 (81)       --    9 (2)   12 (4)   9 (25)  7 (122)       --  11 (10)   12 (5)  12 (71)  7 (152)  10 (44)   9 (39)       --   10 (9)   12 (9)       --       --  10 (12)   9 (24)  8 (139)  10 (31)  11 (23)   9 (43)   8 (95)  9 (106)
  K9: mean (weight)    13 (16)       --       --   13 (1)  10 (24)   8 (52)       --       --       --  13 (41)   8 (68)  11 (21)  10 (23)       --   11 (1)       --       --       --       --   10 (4)   9 (69)  11 (10)   12 (5)  10 (19)   9 (58)  10 (36)
  K10: mean (weight)    14 (2)       --       --       --       --   9 (27)       --       --       --  14 (40)   9 (32)  12 (16)  11 (14)       --       --       --       --       --       --       --   10 (4)   12 (1)   13 (1)   11 (3)  10 (34)       --
  K11: mean (weight)        --       --       --       --       --  10 (16)       --       --       --  15 (14)  10 (17)   13 (8)   12 (9)       --       --       --       --       --       --       --       --       --       --       --  11 (16)       --
  K12: mean (weight)        --       --       --       --       --   11 (3)       --       --       --       --   11 (1)   14 (1)       --       --       --       --       --       --       --       --       --       --       --       --       --       --

y-bar
  [# kernels]               10        7        8        9        7       10        8        9        9       12       10       12       10        7       11       12        9       10       10        8        9        6       10        7        9       11
  [std. dev]            0.3204   0.2168    0.258    0.282   0.2165   0.3233   0.2518   0.2953   0.2911   0.4391   0.3262   0.3909   0.3216   0.2187   0.3529   0.3931   0.2906   0.3291    0.319   0.2455   0.2894   0.1782   0.3691   0.2207   0.2917   0.3567
  [precision]                1        1        1        1        1        1        1        1        1        1        1        1        1        1        1        1        1        1        1        1        1        1        1        1        1        1
  K1: mean (weight)      0 (8)    4 (1)    4 (1)    2 (2)    4 (2)   6 (18)   3 (11)    4 (5)    3 (2)    1 (5)   0 (39)    1 (1)    4 (3)    4 (8)   5 (10)   3 (22)   5 (11)    1 (1)    6 (4)   3 (10)   5 (13)   5 (10)    3 (9)    4 (1)    4 (2)    3 (3)
  K2: mean (weight)     1 (21)   5 (18)    5 (8)    3 (8)    5 (6)   7 (25)   4 (15)   5 (26)   4 (11)   2 (61)  1 (106)   2 (18)    5 (4)   5 (38)   6 (17)   4 (87)   6 (49)   2 (13)   7 (52)   4 (56)   6 (16)   6 (73)   4 (22)   5 (24)    5 (8)    4 (9)
  K3: mean (weight)    2 (238)  6 (155)   6 (65)   4 (15)   6 (82)   8 (63)   5 (43)  6 (110)   5 (30)   3 (87)   2 (61)   3 (17)   6 (25)  6 (144)   7 (44)   5 (84)  7 (243)   3 (25)   8 (67)  5 (135)   7 (30)  7 (511)   5 (39)  6 (154)   6 (13)   5 (24)
  K4: mean (weight)    3 (192)  7 (382)  7 (239)   5 (25)  7 (385)  9 (117)  6 (288)  7 (308)   6 (72)   4 (67)  3 (102)    4 (8)  7 (292)  7 (395)   8 (77)  6 (102)  8 (224)   4 (18)   9 (33)  6 (120)  8 (131)  8 (161)   6 (64)  7 (350)   7 (72)   6 (27)
  K5: mean (weight)    4 (115)  8 (179)  8 (320)  6 (165)  8 (225) 10 (191)  7 (318)  8 (198)  7 (498)   5 (60)  4 (268)   5 (60)  8 (216)  8 (126)  9 (178)  7 (215)   9 (88)   5 (28)  10 (50)   7 (70)  9 (103)   9 (29)  7 (371)  8 (164)  8 (232)   7 (32)
  K6: mean (weight)     5 (93)   9 (30)   9 (85)  7 (460)   9 (58) 11 (144)   8 (64)   9 (62)   8 (96)  6 (219)   5 (80)  6 (348)  9 (178)   9 (34) 10 (191)  8 (159)  10 (78)  6 (100) 11 (195)  8 (307)  10 (40)   10 (3)  8 (160)   9 (45)   9 (44)   8 (61)
  K7: mean (weight)     6 (41)   10 (1)  10 (16)  8 (115)  10 (10) 12 (108)   9 (23)  10 (15)   9 (37)  7 (112)   6 (35)  7 (243)  10 (47)   10 (8) 11 (139)   9 (64)  11 (43)  7 (286) 12 (175)  9 (106) 11 (187)       --   9 (46)   10 (1) 10 (158)  9 (103)
  K8: mean (weight)     7 (33)       --   11 (2)   9 (14)       --  13 (65)  10 (11)   11 (5)   10 (6)   8 (73)   7 (44)   8 (46)  11 (16)       --  12 (71)  10 (30)  12 (16)  8 (223)  13 (57)   10 (9) 12 (231)       --  10 (10)       -- 11 (209) 10 (341)
  K9: mean (weight)     8 (42)       --       --   10 (1)       --  14 (33)       --   12 (5)   11 (3)   9 (44)   8 (24)   9 (25)   12 (1)       --  13 (43)  11 (13)   13 (6)   9 (45) 14 (102)       --  13 (13)       --  11 (12)       --  12 (14) 11 (146)
  K10: mean (weight)     9 (6)       --       --       --       --  15 (11)       --       --       --  10 (12)    9 (2)  10 (14)   13 (1)       --  14 (29)   12 (3)       --   10 (9)  15 (61)       --       --       --   13 (1)       --       --  12 (38)
  K11: mean (weight)        --       --       --       --       --       --       --       --       --   11 (6)       --  11 (11)       --       --   15 (4)   13 (3)       --       --       --       --       --       --       --       --       --   13 (2)
  K12: mean (weight)        --       --       --       --       --       --       --       --       --   13 (1)       --   12 (1)       --       --       --   14 (1)       --       --       --       --       --       --       --       --       --       --

x2bar
  [# kernels]                9        9        8       10        8        8        8       13        7       12       10       13       14        7       11        7       10        8        9       13        7        7        6        9        7        8
  [std. dev]            0.2848   0.2891    0.258   0.3172   0.2526   0.2514   0.2518   0.4798   0.2184   0.4025   0.3262   0.4264   0.4646   0.2187   0.3529   0.2144   0.3269   0.2559   0.2836   0.4209   0.2171   0.2139   0.1846   0.2943   0.2188   0.2497
  [precision]                1        1        1        1        1        1        1        1        1        1        1        1        1        1        1        1        1        1        1        1        1        1        1        1        1        1
  K1: mean (weight)      0 (1)   2 (43)   3 (32)    2 (9)   1 (27)    0 (1)    2 (1)   2 (21)  0 (264)   0 (12)   0 (23)    1 (1)   2 (80)    3 (3)    1 (2)   3 (15)   2 (10)    1 (5)   0 (89)    3 (2)   1 (18)   0 (15)    1 (5)   1 (98)   1 (10)   0 (17)
  K2: mean (weight)     1 (51)  3 (129)  4 (105)   3 (79)  2 (159)   1 (54)   3 (12)  3 (223)  1 (129)   1 (54)  1 (153)   2 (94)  3 (171)   4 (18)   2 (30)  4 (139)  3 (175)   2 (51)  1 (125)  4 (104)  2 (152)  1 (139)  2 (240)  2 (163)  2 (225)  1 (213)
  K3: mean (weight)    2 (343)  4 (119)  5 (110)  4 (186)   3 (77)  2 (141)   4 (52)   4 (73)   2 (79)  2 (178)   2 (79)  3 (161)   4 (70)   5 (68)  3 (115)  5 (121)  4 (144)  3 (151)  2 (172)  5 (274)  3 (208)  2 (197)  3 (161)  3 (136)  3 (175)  2 (226)
  K4: mean (weight)    3 (284)  5 (173)  6 (205)  5 (146)   4 (88)  3 (183)  5 (204)   5 (73)   3 (32)  3 (176)  3 (139)   4 (62)  5 (130)  6 (122)  4 (184)  6 (182)  5 (127)  4 (187)  3 (226)  6 (148)  4 (254)  3 (221)  4 (129)  4 (128)  4 (134)  3 (138)
  K5: mean (weight)     4 (53)   6 (87)  7 (217)  6 (108)  5 (208)  4 (210)  6 (280)  6 (116)  4 (184)  4 (103)  4 (114)   5 (81)   6 (87)  7 (206)  5 (134)  7 (171)   6 (55)  5 (132)  4 (112)   7 (38)   5 (96)  4 (168)  5 (160)   5 (52)  5 (151)   4 (79)
  K6: mean (weight)     5 (16)   7 (60)   8 (57)   7 (84)  6 (188)  5 (149)  7 (130)   7 (31)   5 (56)   5 (69)  5 (129)  6 (159)    7 (9)  8 (242)  6 (107)  8 (129)   7 (84)  6 (111)   5 (31)   8 (38)   6 (32)   5 (42)   6 (39)   6 (21)   6 (52)   5 (50)
  K7: mean (weight)      6 (9)   8 (58)    9 (8)   8 (57)   7 (20)   6 (35)   8 (90)    8 (6)   6 (11)   6 (44)   6 (89)   7 (27)   8 (14)   9 (94)   7 (82)   9 (26)   8 (89)   7 (84)    6 (5)    9 (5)    7 (4)    6 (5)       --   7 (56)    7 (5)   6 (43)
  K8: mean (weight)     7 (17)   9 (79)   10 (2)   9 (38)    8 (1)    7 (2)    9 (4)  10 (12)       --   7 (22)   7 (20)    8 (1)   9 (11)       --   8 (89)       --   9 (55)   8 (27)   7 (33)  10 (18)       --       --       --   8 (62)       --   7 (20)
  K9: mean (weight)     8 (15)  10 (18)       --  10 (74)       --       --       --  11 (16)       --   8 (23)   8 (12)   9 (18)  10 (10)       --   9 (37)       --  10 (17)       --    8 (3)  11 (24)       --       --       --   9 (23)       --       --
  K10: mean (weight)        --       --       --  11 (24)       --       --       --  12 (19)       --   9 (35)    9 (3)  10 (40)  11 (29)       --  10 (20)       --   11 (2)       --       --  12 (27)       --       --       --       --       --       --
  K11: mean (weight)        --       --       --       --       --       --       --  13 (22)       --  10 (24)       --  11 (45)  12 (25)       --   11 (3)       --       --       --       --  13 (52)       --       --       --       --       --       --
  K12: mean (weight)        --       --       --       --       --       --       --  14 (49)       --   11 (7)       --  12 (87)  13 (30)       --       --       --       --       --       --  14 (63)       --       --       --       --       --       --
  K13: mean (weight)        --       --       --       --       --       --       --  15 (73)       --       --       --  13 (16)  14 (72)       --       --       --       --       --       --  15 (20)       --       --       --       --       --       --
  K14: mean (weight)        --       --       --       --       --       --       --       --       --       --       --       --  15 (45)       --       --       --       --       --       --       --       --       --       --       --       --       --

y2bar
  [# kernels]                7        7       11        8       11        7       10        9        7        8        9        8        8        9        8       11        8       10        8        8        6        8       14       10        8       10
  [std. dev]            0.2136   0.2168   0.3686   0.2467   0.3608   0.2155   0.3237   0.2953   0.2184   0.2561     0.29   0.2487   0.2502   0.2915    0.247   0.3574   0.2543   0.3291   0.2481   0.2455   0.1809   0.2852   0.4798   0.3311   0.2553    0.321
  [precision]                1        1        1        1        1        1        1        1        1        1        1        1        1        1        1        1        1        1        1        1        1        1        1        1        1        1
  K1: mean (weight)     0 (85)    2 (2)    2 (3)   4 (28)    2 (6)   2 (21)    1 (1)   0 (23)   3 (34)    2 (2)    3 (7)   0 (59)   0 (20)   1 (16)   0 (23)   0 (12)    1 (1)    1 (2)    3 (4)   3 (18)   1 (38)    2 (5)    2 (9)    0 (4)   0 (43)   1 (40)
  K2: mean (weight)    1 (168)   3 (18)   3 (30)  5 (125)   3 (46)   3 (73)   2 (61)  1 (141)  4 (188)  3 (121)   4 (51)   1 (93)   1 (71)   2 (25)   1 (79)   1 (39)   2 (20)   2 (20)   4 (36)  4 (122)  2 (198)  4 (185)   3 (23)   1 (27)  1 (106)  2 (140)
  K3: mean (weight)    2 (314)   4 (88)   4 (49)  6 (289)   4 (42)  4 (181)   3 (92)   2 (61)   5 (66)  4 (140)  5 (107)  2 (116)  2 (120)   3 (52)  2 (126)  2 (170)  3 (126)   3 (46)   5 (96)  5 (219)  3 (300)   5 (79)   4 (42)   2 (89)  2 (344)  3 (136)
  K4: mean (weight)    3 (112)  5 (263)   5 (39)  7 (222)   5 (31)  5 (255)   4 (58)   3 (28)   6 (78)  5 (169)  6 (221)   3 (56)   3 (43)  4 (261)  3 (144)  3 (151)  4 (188)   4 (69)  6 (278)  6 (139)  4 (171)   6 (40)   5 (34)   3 (58)  3 (196)   4 (61)
  K5: mean (weight)     4 (75)  6 (241)   6 (98)   8 (76)   6 (44)  6 (195)  5 (185)   4 (34)  7 (264)  6 (205)  7 (132)  4 (256)  4 (239)  5 (229)  4 (225)  4 (124)  5 (238)  5 (149)  7 (225)  7 (187)   5 (49)   7 (38)    6 (9)   4 (70)   4 (28)   5 (63)
  K6: mean (weight)     5 (30)  7 (135)  7 (203)   9 (46)  7 (165)   7 (43)  6 (179)   5 (99)  8 (115)   7 (86)  8 (157)  5 (200)  5 (220)   6 (68)  5 (134)  5 (104)  6 (154)   6 (92)  8 (115)  8 (106)    6 (8)  8 (271)   7 (28)   5 (29)   5 (31)   6 (90)
  K7: mean (weight)      6 (5)   8 (19)  8 (161)  10 (17)  8 (200)    8 (7)  7 (111)  6 (273)   9 (10)   8 (20)   9 (72)   6 (11)   6 (61)   7 (35)   6 (58)  6 (105)   7 (29)  7 (143)   9 (33)   9 (21)       --  9 (161)   8 (67)  6 (155)    6 (3)  7 (171)
  K8: mean (weight)         --       --   9 (61)   11 (2)   9 (98)       --   8 (59)   7 (74)       --    9 (4)  10 (13)    7 (1)    7 (9)   8 (59)   7 (14)   7 (53)    8 (2)  8 (112)   10 (9)   10 (1)       --   10 (8)  9 (227)  7 (254)    7 (1)   8 (73)
  K9: mean (weight)         --       --  10 (63)       --  10 (61)       --   9 (23)    8 (1)       --       --   11 (1)       --       --    9 (8)       --   8 (16)       --   9 (91)       --       --       --       -- 10 (115)   8 (52)       --   9 (11)
  K10: mean (weight)        --       --  11 (28)       --  11 (58)       --   10 (4)       --       --       --       --       --       --       --       --    9 (7)       --  10 (24)       --       --       --       --  11 (39)    9 (1)       --   10 (1)
  K11: mean (weight)        --       --   12 (1)       --  12 (17)       --       --       --       --       --       --       --       --       --       --   10 (2)       --       --       --       --       --       --  12 (30)       --       --       --
  K12: mean (weight)        --       --       --       --       --       --       --       --       --       --       --       --       --       --       --       --       --       --       --       --       --       --  13 (31)       --       --       --
  K13: mean (weight)        --       --       --       --       --       --       --       --       --       --       --       --       --       --       --       --       --       --       --       --       --       --  14 (46)       --       --       --
  K14: mean (weight)        --       --       --       --       --       --       --       --       --       --       --       --       --       --       --       --       --       --       --       --       --       --  15 (34)       --       --       --

xybar
  [# kernels]               10        7       10       10        8        8        9        7        8       10       14       11       12        6       10       10        7       11       10       12       11        8        7        8        9       13
  [std. dev]            0.3204   0.2168   0.3317   0.3172   0.2526   0.2514   0.2877   0.2215   0.2911   0.3293   0.4712   0.3553   0.3931   0.1822   0.3176   0.3216   0.2179   0.3656    0.319   0.3858   0.3618   0.2495   0.2215   0.2575   0.2917    0.428
  [precision]                1        1        1        1        1        1        1        1        1        1        1        1        1        1        1        1        1        1        1        1        1        1        1        1        1        1
  K1: mean (weight)      3 (2)    5 (1)    4 (5)    4 (2)    5 (8)   7 (27)    4 (2)    5 (1)   6 (15)   6 (13)  0 (145)    3 (1)   3 (23)    5 (5)    5 (1)   3 (11)    5 (7)   4 (25)    4 (8)    2 (1)    3 (2)   5 (35)  6 (102)    5 (4)    4 (2)    2 (1)
  K2: mean (weight)      4 (9)  6 (154)   5 (25)   5 (21)   6 (59)   8 (45)   5 (40)   6 (45)  7 (401)   7 (34)   1 (62)   4 (27)   4 (93)   6 (57)   6 (10)   4 (29)  6 (126)  5 (142)   5 (31)   3 (13)   4 (19)  6 (168)  7 (108)  6 (128)   5 (38)   3 (12)
  K3: mean (weight)     5 (34)  7 (290)   6 (63)  6 (130)  7 (355)   9 (31)  6 (301)  7 (387)   8 (22)   8 (55)   2 (95)    5 (6)   5 (96)  7 (348)   7 (48)  5 (163)  7 (310)   6 (17)   6 (91)   4 (24)   5 (43)  7 (253)   8 (69)  7 (239)  6 (119)   4 (19)
  K4: mean (weight)    6 (124)   8 (13)  7 (174)  7 (262)   8 (35) 10 (123)  7 (119)   8 (35)   9 (15)   9 (12)   3 (26)  6 (189)   6 (88)   8 (47)   8 (67)  6 (236)   8 (97)  7 (158)  7 (221)   5 (40)  6 (123)   8 (25)  9 (127)   8 (20)  7 (294)   5 (60)
  K5: mean (weight)    7 (251)   9 (91)  8 (118)   8 (46)    9 (4) 11 (169)   8 (43)   9 (27)   11 (9)   10 (8)    4 (3)  7 (273)  7 (174)  9 (186)  9 (132)   7 (91)  9 (109)   8 (92)   8 (87)  6 (176)  7 (181)   9 (38)  10 (35)   9 (68)   8 (80)  6 (135)
  K6: mean (weight)    8 (117) 10 (176)   9 (93)   9 (71)  10 (55) 12 (167)  9 (153) 10 (231)  12 (20)  11 (92)   5 (18)   8 (42)   8 (50) 10 (110) 10 (142)  8 (118)  10 (87)   9 (26)   9 (24)  7 (273)  8 (132) 10 (177) 11 (158) 10 (243)  9 (129)  7 (201)
  K7: mean (weight)    9 (105)  11 (41)  10 (42) 10 (191) 11 (235) 13 (190)  10 (91)   11 (8) 13 (214) 12 (149)   6 (82)  9 (173)   9 (26)       -- 11 (134)   9 (51)  11 (22) 10 (137)  10 (10)   8 (38)  9 (107)  11 (84) 12 (135)  11 (34)  10 (67)   8 (76)
  K8: mean (weight)    10 (76)       -- 11 (100)  11 (59)  12 (17)  14 (23)  11 (23)       --  14 (59) 13 (126)  7 (106)  10 (57) 10 (172)       -- 12 (163)  10 (32)       -- 11 (105) 11 (191)   9 (64)  10 (99)   12 (7)       --   12 (3)  11 (21)   9 (62)
  K9: mean (weight)    11 (50)       --  12 (93)  12 (18)       --       --   12 (1)       --       -- 14 (162)   8 (99)  11 (15)  11 (19)       --  13 (79)  11 (38)       --   12 (4) 12 (101) 10 (106)  11 (38)       --       --       --   12 (2)  10 (83)
  K10: mean (weight)   12 (21)       --  13 (23)   13 (5)       --       --       --       --       --  15 (96)   9 (47)   12 (8)   12 (8)       --  14 (27)  12 (14)       --  13 (40)  13 (32)  11 (51)  12 (16)       --       --       --       --  11 (81)
  K11: mean (weight)        --       --       --       --       --       --       --       --       --       --  10 (13)   13 (1)  13 (29)       --       --       --       --   14 (2)       --  12 (19)   13 (4)       --       --       --       --  12 (39)
  K12: mean (weight)        --       --       --       --       --       --       --       --       --       --  11 (22)       --   14 (5)       --       --       --       --       --       --   13 (8)       --       --       --       --       --  13 (16)
  K13: mean (weight)        --       --       --       --       --       --       --       --       --       --  12 (38)       --       --       --       --       --       --       --       --       --       --       --       --       --       --   14 (1)
  K14: mean (weight)        --       --       --       --       --       --       --       --       --       --   13 (5)       --       --       --       --       --       --       --       --       --       --       --       --       --       --       --

x2ybr
  [# kernels]               10        6        8        8        8       10        8       11        7       10       10       12       13        7        8        9        7       10        9       11       10       13        9       12        9        9
  [std. dev]            0.3204   0.1807    0.258   0.2467   0.2526   0.3233   0.2518   0.3691   0.2184   0.3293   0.3262   0.3909   0.4288   0.2187    0.247   0.2859   0.2179   0.3291   0.2836   0.3507   0.3256   0.4278   0.2953   0.4046   0.2917   0.2854
  [precision]                1        1        1        1        1        1        1        1        1        1        1        1        1        1        1        1        1        1        1        1        1        1        1        1        1        1
  K1: mean (weight)     0 (50)   3 (30)    4 (2)    1 (3)    3 (2)    3 (1)    2 (4)    1 (2)    2 (6)    0 (7)  0 (121)   1 (12)    0 (8)   3 (18)   3 (19)    2 (3)    1 (7)   1 (11)    4 (1)    5 (4)    5 (3)    0 (2)   2 (13)    1 (3)   5 (22)    5 (2)
  K2: mean (weight)    1 (201)   4 (67)   5 (30)   2 (14)   4 (50)   4 (20)    3 (9)   2 (12)   3 (25)   1 (25)  1 (138)   2 (17)   1 (17)   4 (79)  4 (131)   3 (43)   2 (49)   2 (38)   5 (12)   6 (57)   6 (32)   1 (11)   3 (30)   2 (13)   6 (48)    6 (4)
  K3: mean (weight)    2 (372)  5 (225)  6 (214)   3 (65)  5 (113)   5 (77)   4 (22)   3 (45)   4 (31)   2 (35)  2 (276)   3 (29)   2 (20)  5 (146)  5 (167)   4 (85)  3 (111)   3 (27)   6 (55)  7 (127)   7 (31)   2 (15)   4 (33)   3 (58)   7 (54)   7 (61)
  K4: mean (weight)     3 (31)  6 (375)  7 (124)  4 (172)  6 (329)  6 (142)  5 (148)   4 (54)   5 (57)   3 (85)   3 (50)   4 (80)   3 (23)  6 (311)  6 (233)   5 (72)  4 (200)   4 (49)   7 (73)   8 (84)   8 (33)   3 (25)   5 (99)   4 (63)  8 (252)   8 (70)
  K5: mean (weight)     4 (31)   7 (67)  8 (181)  5 (184)  7 (191)  7 (138)  6 (308)  5 (123)  6 (575)  4 (203)   4 (27)   5 (66)   4 (50)  7 (142)  7 (125)  6 (197)  5 (313)  5 (153)   8 (47)  9 (155)   9 (18)   4 (45)  6 (425)  5 (105)  9 (259)   9 (54)
  K6: mean (weight)     5 (20)    8 (2)  9 (107)  6 (291)   8 (49)   8 (47)  7 (212)  6 (310)   7 (57)  5 (169)   5 (12)   6 (82)   5 (89)   8 (54)   8 (97)  7 (184)   6 (74)  6 (304)  9 (222) 10 (125) 10 (109)   5 (46)   7 (95)  6 (253)  10 (73) 10 (115)
  K7: mean (weight)     6 (36)       --  10 (63)   7 (73)   9 (20)  9 (156)   8 (65)   7 (86)    8 (4)  6 (121)   6 (50)  7 (200)  6 (386)    9 (3)   9 (30)  8 (137)    7 (4)  7 (107) 10 (125)  11 (63) 11 (260)  6 (454)   8 (27)   7 (94)  11 (34) 11 (191)
  K8: mean (weight)     7 (20)       --  11 (15)    8 (3)  10 (14) 10 (135)    9 (5)   8 (55)       --   7 (72)   7 (73)   8 (91)  7 (101)       --   10 (1)   9 (50)       --   8 (43) 11 (245)  12 (51) 12 (135)   7 (87)   9 (11)   8 (40)   12 (9) 12 (225)
  K9: mean (weight)     8 (25)       --       --       --       --  11 (55)       --   9 (35)       --   8 (23)    8 (8)  9 (172)   8 (34)       --       --  10 (12)       --   9 (12)  12 (16)  13 (73)  13 (62)   8 (24)   10 (1)   9 (44)   13 (1)  13 (64)
  K10: mean (weight)     9 (3)       --       --       --       --   12 (4)       --  10 (11)       --    9 (7)    9 (6)  10 (30)   9 (17)       --       --       --       --   10 (4)       --  14 (54)  14 (81)   9 (22)       --  10 (27)       --       --
  K11: mean (weight)        --       --       --       --       --       --       --   11 (1)       --       --       --  11 (11)  10 (17)       --       --       --       --       --       --  15 (20)       --  10 (26)       --  11 (24)       --       --
  K12: mean (weight)        --       --       --       --       --       --       --       --       --       --       --   12 (2)  11 (16)       --       --       --       --       --       --       --       --  11 (20)       --  12 (15)       --       --
  K13: mean (weight)        --       --       --       --       --       --       --       --       --       --       --       --   12 (5)       --       --       --       --       --       --       --       --  12 (10)       --       --       --       --

xy2br
  [# kernels]               10        5       10       10        9        9       11        8        9       12       12       10       11        8       10        8        5        7        9        8        6        7        7        9        5        7
  [std. dev]            0.3204   0.1667   0.3317   0.3172   0.2887   0.2874   0.3597   0.2584   0.2911   0.4025   0.3987   0.3198   0.3574   0.2551   0.3176   0.2502   0.1667   0.2194   0.2836   0.2455   0.1809   0.2139   0.2215   0.2943   0.1667    0.214
  [precision]                1        1        1        1        1        1        1        1        1        1        1        1        1        1        1        1        1        1        1        1        1        1        1        1        1        1
  K1: mean (weight)      5 (7)   5 (54)    6 (2)    2 (3)    7 (1)    2 (4)    4 (4)    4 (1)   4 (19)    4 (6)    2 (3)    4 (2)    3 (7)    4 (2)    0 (1)    5 (1)  6 (100)   5 (25)    2 (2)    5 (2)    4 (7)    5 (7)    5 (6)    5 (3)   6 (34)   4 (16)
  K2: mean (weight)     6 (29)  6 (269)   7 (10)    3 (7)  8 (125)   3 (26)   5 (11)   5 (15)   5 (51)   5 (50)    3 (3)   5 (15)   4 (35)    5 (9)    1 (9)    6 (4)  7 (255)   6 (76)   3 (16)   6 (14)   5 (48)   6 (58)   6 (56)   6 (11)  7 (160)  5 (134)
  K3: mean (weight)     7 (50)  7 (356)   8 (20)   4 (67)  9 (310)  4 (100)   6 (17)   6 (43)   6 (28)   6 (57)   4 (36)   6 (48)   5 (42)   6 (52)   2 (55)   7 (48)  8 (253)  7 (268)  4 (128)   7 (49)   6 (28)  7 (131)  7 (131)   7 (33)  8 (480)  6 (126)
  K4: mean (weight)    8 (392)   8 (63)   9 (39)  5 (271)  10 (90)  5 (263)   7 (28)  7 (144)   7 (76)   7 (98)   5 (72)   7 (99)  6 (139)   7 (98)  3 (210)  8 (148)  9 (138)  8 (251)  5 (133)  8 (344)  7 (153)  8 (427)  8 (381)  8 (110)   9 (77)   7 (72)
  K5: mean (weight)    9 (215)   9 (24)  10 (65)  6 (298)  11 (38)  6 (187)   8 (80)  8 (424)  8 (513)  8 (132)   6 (97)  8 (416)  7 (152)  8 (421)  4 (278)  9 (281)  10 (12)   9 (84)   6 (37)  9 (318)  8 (414)  9 (113)  9 (113)  9 (118)   10 (1)  8 (346)
  K6: mean (weight)    10 (42)       -- 11 (134)  7 (106)  12 (31)   7 (86)  9 (211)   9 (84)   9 (52)  9 (113)   7 (97)   9 (93)  8 (283)  9 (108)  5 (116) 10 (186)       --  10 (38)   7 (69)  10 (68)  9 (114)  10 (44)  10 (44) 10 (158)       --   9 (87)
  K7: mean (weight)    11 (26)       -- 12 (142)   8 (36)  13 (32)   8 (72) 10 (229)  10 (20)   10 (9)  10 (91)   8 (91)  10 (77)   9 (72)  10 (50)   6 (64)  11 (91)       --   11 (6)  8 (311)  11 (13)       --   11 (7)   11 (3) 11 (244)       --   10 (5)
  K8: mean (weight)    12 (23)       -- 13 (182)   9 (12)  14 (76)   9 (35) 11 (124)   11 (3)   11 (2)  11 (82)   9 (88)  11 (38)  10 (32)  11 (13)   7 (37)  12 (24)       --       --   9 (83)   12 (5)       --       --       --  12 (57)       --       --
  K9: mean (weight)     13 (3)       -- 14 (124)   10 (2)  15 (65)   10 (2)  12 (50)       --   12 (5)  12 (49) 10 (155)   12 (2)  11 (16)       --   8 (15)       --       --       --  10 (17)       --       --       --       --   13 (5)       --       --
  K10: mean (weight)    14 (2)       --  15 (18)   11 (3)       --       --  13 (18)       --       --  13 (51)  11 (83)   13 (2)   12 (4)       --   9 (18)       --       --       --       --       --       --       --       --       --       --       --
  K11: mean (weight)        --       --       --       --       --       --   14 (1)       --       --  14 (16)  12 (17)       --   13 (1)       --       --       --       --       --       --       --       --       --       --       --       --       --
  K12: mean (weight)        --       --       --       --       --       --       --       --       --   15 (2)  13 (19)       --       --       --       --       --       --       --       --       --       --       --       --       --       --       --

x-ege
  [# kernels]                9        9       10        7       10       10       11        8        7        7        9       12        7       11       10       11       10        8        9       10        9        6        6        9       13       11
  [std. dev]            0.2848   0.2891   0.3686   0.2115   0.3248   0.3233   0.3597   0.2584   0.2184   0.2195     0.29   0.3909   0.2144   0.3644   0.3176   0.3574   0.3269   0.2559   0.2836   0.3156   0.2894   0.1782   0.2215   0.2943   0.4376   0.3567
  [precision]                1        1        1        1        1        1        1        1        1        1        1        1        1        1        1        1        1        1        1        1        1        1        1        1        1        1
  K1: mean (weight)     1 (48)   1 (53)   0 (42)  2 (216)  0 (198)  0 (203)   1 (95)   2 (18)  0 (603)  0 (300)  0 (422)    4 (2)   3 (21)  2 (200)   0 (85)    1 (1)    1 (1)  0 (162)  0 (217)    2 (6)    1 (1)  2 (243)  0 (203)   2 (15)    3 (2)   0 (26)
  K2: mean (weight)    2 (415)  2 (404)  1 (357)  3 (324)   1 (37)  1 (217)  2 (420)  3 (482)   1 (23)  1 (261)  1 (139)   5 (37)   4 (85)  3 (368)  1 (364)  2 (191)  2 (190)   1 (82)  1 (184)  3 (587)  2 (302)  3 (393)  1 (296)  3 (359)    4 (1)  1 (409)
  K3: mean (weight)    3 (166)   3 (94)  2 (165)  4 (106)  2 (225)  2 (173)   3 (63)   4 (41)   2 (33)   2 (59)   2 (55)   6 (91)  5 (307)   4 (60)   2 (96)  3 (444)  3 (320)  2 (324)  2 (229)   4 (45)  3 (253)  4 (118)  2 (114)  4 (162)   5 (53)  2 (120)
  K4: mean (weight)     4 (51)   4 (44)   3 (34)   5 (92)  3 (181)   3 (45)   4 (88)   5 (41)   3 (77)   3 (77)   3 (80)  7 (158)  6 (293)   5 (77)   3 (48)   4 (72)   4 (60)   3 (95)   3 (98)   5 (68)   4 (54)   5 (20)  3 (104)   5 (79)  6 (148)   3 (64)
  K5: mean (weight)     5 (74)   5 (30)   4 (72)   6 (49)   4 (66)   4 (66)   5 (27)  6 (102)   4 (12)   4 (38)   4 (16)  8 (247)   7 (52)    6 (5)   4 (83)   5 (38)   5 (38)   4 (46)   4 (22)   6 (45)   5 (57)   6 (12)   4 (15)   6 (67)  7 (183)   4 (75)
  K6: mean (weight)     6 (18)   6 (84)   5 (25)   7 (17)   5 (39)   5 (50)   6 (29)   7 (34)    5 (4)    5 (8)   5 (13)  9 (100)   8 (19)    7 (6)   5 (75)   6 (18)   6 (86)   5 (31)   5 (33)   7 (26)   6 (48)    7 (1)    6 (2)   7 (35)  8 (179)   5 (47)
  K7: mean (weight)      7 (8)   7 (42)   6 (30)    8 (1)   6 (15)   6 (17)   7 (23)   8 (10)    6 (3)    6 (4)   6 (29)  10 (69)    9 (6)   8 (14)   6 (28)    7 (7)   7 (47)    6 (6)    6 (7)   8 (12)   7 (36)       --       --   8 (19)   9 (94)   6 (28)
  K8: mean (weight)      8 (8)   8 (14)    7 (6)       --    7 (2)    7 (1)   8 (15)    9 (6)       --       --    7 (6)  11 (45)       --    9 (7)   7 (15)    8 (4)   8 (14)    7 (2)    7 (5)    9 (7)   8 (11)       --       --    9 (1)  10 (55)   7 (10)
  K9: mean (weight)      9 (1)    9 (1)    8 (4)       --    8 (4)    8 (2)    9 (7)       --       --       --    8 (1)  12 (21)       --   10 (8)    8 (5)    9 (4)    9 (1)       --    8 (1)  10 (10)    9 (2)       --       --   10 (2)  11 (20)    8 (3)
  K10: mean (weight)        --       --   10 (1)       --    9 (1)    9 (1)   10 (5)       --       --       --       --  13 (11)       --   11 (6)    9 (4)   10 (2)   10 (1)       --       --   11 (7)       --       --       --       --   12 (6)    9 (3)
  K11: mean (weight)        --       --       --       --       --       --   11 (1)       --       --       --       --   14 (8)       --   12 (2)       --   11 (2)       --       --       --       --       --       --       --       --   13 (6)   10 (1)
  K12: mean (weight)        --       --       --       --       --       --       --       --       --       --       --   15 (3)       --       --       --       --       --       --       --       --       --       --       --       --   14 (4)       --
  K13: mean (weight)        --       --       --       --       --       --       --       --       --       --       --       --       --       --       --       --       --       --       --       --       --       --       --       --   15 (1)       --

xegvy
  [# kernels]               11       10        7        8        7        6        9        9        5        7        9       15        7        9        7       14        8        7       10        7        8       10        8       11        9        7
  [std. dev]             0.356   0.3252   0.2212   0.2467   0.2165   0.1796   0.2877   0.2953   0.1667   0.2195     0.29   0.4975   0.2144   0.2915   0.2117   0.5003   0.2543   0.2194    0.319   0.2104   0.2533   0.3208   0.2584   0.3679   0.2917    0.214
  [precision]                1        1        1        1        1        1        1        1        1        1        1        1        1        1        1        1        1        1        1        1        1        1        1        1        1        1
  K1: mean (weight)      1 (1)    3 (1)    6 (6)    4 (2)    6 (3)    7 (9)    5 (1)    4 (1)    6 (4)    5 (1)    4 (1)    0 (1)    6 (4)    5 (3)    7 (1)    1 (1)    4 (4)    5 (4)    4 (2)    5 (9)    7 (4)   5 (14)    4 (2)    2 (1)    6 (1)    7 (1)
  K2: mean (weight)      2 (4)    4 (5)   7 (54)    5 (8)   7 (22)  8 (239)    6 (8)    5 (2)   7 (36)  6 (267)   5 (13)   1 (11)   7 (68)   6 (14)   8 (26)    3 (2)   5 (41)   6 (52)    5 (1)   6 (16)    8 (7)   6 (25)    5 (7)    3 (2)   7 (11)   8 (19)
  K3: mean (weight)     3 (17)    5 (8)  8 (179)   6 (41)  8 (579)  9 (197)  7 (169)   6 (24)  8 (638)  7 (330)  6 (155)   2 (12)  8 (390)   7 (47)  9 (198)    4 (8)  6 (154)   7 (95)    6 (5)   7 (39)  9 (119)   7 (54)   6 (17)    4 (8)   8 (40)   9 (48)
  K4: mean (weight)     4 (31)   6 (29)  9 (327)  7 (111)   9 (99) 10 (313)  8 (251)   7 (76)   9 (60)   8 (96)  7 (269)   3 (12)  9 (248)  8 (567) 10 (507)   5 (15)  7 (412)  8 (329)   7 (24)  8 (111) 10 (400)  8 (539)   7 (91)   5 (19)  9 (138) 10 (188)
  K5: mean (weight)     5 (66)   7 (88) 10 (132)  8 (581)  10 (40)  11 (16)  9 (249)  8 (523)  10 (17)   9 (41)  8 (246)   4 (15)  10 (44)   9 (96)  11 (58)   6 (25)   8 (97)  9 (183)  8 (249)  9 (534) 11 (152)   9 (94)  8 (457)   6 (53) 10 (163) 11 (502)
  K6: mean (weight)    6 (341)  8 (543)  11 (32)   9 (50)  11 (22)   12 (1)  10 (63)   9 (67)       --  10 (11)   9 (29)  5 (204)  11 (26)  10 (21)  12 (11)   7 (72)   9 (34)  10 (77)   9 (78)  10 (98)  12 (67)  10 (30)  9 (148)  7 (121) 11 (283)  12 (17)
  K7: mean (weight)    7 (255)   9 (63)   12 (6)  10 (11)   12 (3)       --  11 (30)  10 (23)       --   11 (1)  10 (19)  6 (348)   12 (3)   11 (3)   13 (2)  8 (342)  10 (15)   11 (8) 10 (123)   11 (6)  13 (14)  11 (18)  10 (11)  8 (478)  12 (96)  13 (11)
  K8: mean (weight)     8 (45)  10 (18)       --   11 (1)       --       --   12 (1)  11 (16)       --       --  11 (24)   7 (57)       --   12 (1)       --  9 (254)   11 (1)       -- 11 (198)       --   14 (1)   12 (8)   11 (1)   9 (25)  13 (18)       --
  K9: mean (weight)     9 (13)  11 (10)       --       --       --       --   13 (1)   12 (2)       --       --   12 (5)   8 (53)       --   13 (1)       --  10 (35)       --       -- 12 (111)       --       --   13 (3)       --  10 (15)   14 (2)       --
  K10: mean (weight)   10 (10)   12 (1)       --       --       --       --       --       --       --       --       --   9 (45)       --       --       --   11 (3)       --       --   13 (5)       --       --   14 (2)       --  11 (13)       --       --
  K11: mean (weight)    11 (6)       --       --       --       --       --       --       --       --       --       --  10 (10)       --       --       --   12 (4)       --       --       --       --       --       --       --   12 (4)       --       --
  K12: mean (weight)        --       --       --       --       --       --       --       --       --       --       --   11 (7)       --       --       --   13 (8)       --       --       --       --       --       --       --       --       --       --
  K13: mean (weight)        --       --       --       --       --       --       --       --       --       --       --   12 (7)       --       --       --  14 (10)       --       --       --       --       --       --       --       --       --       --
  K14: mean (weight)        --       --       --       --       --       --       --       --       --       --       --   13 (9)       --       --       --   15 (4)       --       --       --       --       --       --       --       --       --       --
  K15: mean (weight)        --       --       --       --       --       --       --       --       --       --       --   14 (1)       --       --       --       --       --       --       --       --       --       --       --       --       --       --

y-ege
  [# kernels]               12       11        9       12        9       11        8       11       12       12       11       11       11        8        7        9        9       14       12       10       11       12       11       10       11       13
  [std. dev]            0.3916   0.3613   0.2949   0.3877   0.2887   0.3592   0.2518    0.406   0.4003   0.4025   0.3625   0.3553   0.3574   0.2551   0.2117   0.2859   0.2906   0.4753   0.3899   0.3156   0.3618   0.3921   0.3691   0.3311   0.3647    0.428
  [precision]                1        1        1        1        1        1        1        1        1        1        1        1        1        1        1        1        1        1        1        1        1        1        1        1        1        1
  K1: mean (weight)      0 (1)    2 (3)   2 (69)    1 (1)   3 (10)   1 (64)   3 (25)  0 (191)  0 (208)  0 (315)  0 (193)  0 (187)  0 (271)   2 (67)   2 (71)    2 (7)    2 (3)    2 (5)  0 (192)  0 (225)  0 (209)    2 (7)    4 (4)    1 (5)  0 (265)  0 (215)
  K2: mean (weight)    1 (119)    3 (8)  3 (159)   2 (65)  4 (135)  2 (314)  4 (317)   2 (28)  1 (196)  1 (215)  1 (123)   1 (82)  1 (240)  3 (341)  3 (275)   3 (83)   3 (66)   3 (38)  1 (206)  1 (211)  1 (335)  3 (167)   5 (88)  2 (128)  1 (201)   1 (42)
  K3: mean (weight)    2 (261)   4 (56)  4 (369)  3 (377)  5 (148)  3 (202)  5 (191)  3 (250)   2 (78)   2 (39)  2 (163)  2 (324)  2 (127)  4 (197)  4 (288)  4 (143)  4 (197)   4 (66)  2 (129)  2 (182)   2 (51)  4 (318)  6 (203)  3 (210)  2 (138)  2 (216)
  K4: mean (weight)    3 (222)  5 (124)   5 (55)  4 (176)  6 (176)   4 (35)  6 (112)  4 (102)   3 (90)    3 (2)   3 (94)   3 (72)   3 (63)  5 (116)   5 (71)  5 (221)  5 (188)  5 (205)   3 (67)   3 (72)   3 (66)   5 (37)  7 (161)  4 (166)   3 (49)   3 (70)
  K5: mean (weight)    4 (100)  6 (196)   6 (14)   5 (55)  7 (179)   5 (28)   7 (57)   5 (67)   4 (66)   4 (30)   4 (29)   4 (33)   4 (18)   6 (20)   6 (54)  6 (170)  6 (199)   6 (15)   4 (50)   4 (52)   4 (35)  6 (111)  8 (178)   5 (96)   4 (45)   4 (64)
  K6: mean (weight)     5 (31)  7 (165)   7 (25)   6 (45)   8 (87)   6 (27)   8 (37)   6 (25)   5 (62)   5 (19)   5 (22)   5 (34)   5 (28)    7 (9)   7 (35)   7 (75)   7 (86)   7 (25)   5 (63)   5 (35)   5 (19)   7 (64)   9 (33)   6 (44)   5 (13)   5 (32)
  K7: mean (weight)     6 (18)   8 (90)   8 (28)   7 (36)   9 (23)   7 (36)   9 (27)   7 (25)   6 (16)   6 (46)   6 (70)   6 (24)   6 (13)    8 (1)    8 (9)   8 (52)   8 (14)  8 (107)   6 (32)   6 (21)   6 (16)   8 (51)  10 (33)   7 (34)    6 (7)   6 (49)
  K8: mean (weight)     7 (15)  9 (106)   9 (16)   8 (29)   10 (7)   8 (44)   10 (7)   8 (28)    7 (6)   7 (30)   7 (34)   7 (19)   7 (18)    9 (2)       --   9 (27)    9 (4)  9 (219)   7 (30)    7 (6)   7 (18)   9 (14)  11 (20)   8 (33)    7 (3)   7 (36)
  K9: mean (weight)     8 (14)  10 (14)   10 (1)   9 (13)   11 (3)   9 (21)       --    9 (9)   8 (19)   8 (29)   8 (25)   8 (10)    8 (3)       --       --   10 (5)   10 (1)  10 (31)   8 (17)    8 (8)   8 (10)  10 (10)   12 (6)   9 (15)   8 (14)   8 (36)
  K10: mean (weight)     9 (2)   11 (2)       --   10 (4)       --   10 (3)       --   10 (6)   9 (10)   9 (15)    9 (7)    9 (6)    9 (1)       --       --       --       --  11 (15)    9 (7)    9 (1)    9 (3)   11 (6)   13 (6)   10 (8)   9 (15)   9 (17)
  K11: mean (weight)    10 (2)   12 (2)       --   11 (3)       --   11 (1)       --   11 (3)   10 (3)   10 (5)   10 (1)   10 (1)   10 (1)       --       --       --       --  12 (11)   10 (1)       --   10 (2)   12 (1)   14 (2)       --   10 (2)   10 (6)
  K12: mean (weight)    11 (4)       --       --   12 (1)       --       --       --       --   11 (1)   11 (2)       --       --       --       --       --       --       --   13 (6)   11 (2)       --       --   13 (1)       --       --       --   11 (2)
  K13: mean (weight)        --       --       --       --       --       --       --       --       --       --       --       --       --       --       --       --       --   14 (1)       --       --       --       --       --       --       --   12 (1)
  K14: mean (weight)        --       --       --       --       --       --       --       --       --       --       --       --       --       --       --       --       --   15 (4)       --       --       --       --       --       --       --       --

yegvx
  [# kernels]               11       10        9       10       11       11        9        9       10       11       11       11       11       10        8       11       10       14        8       10        9        8       11       12       11        9
  [std. dev]             0.356   0.3252   0.3317   0.3172   0.3608   0.3592   0.2877   0.2953   0.3639   0.3659   0.3987   0.3553   0.3931   0.3644    0.247   0.3574   0.3269   0.4753   0.2481   0.3156   0.2894   0.2495   0.3691   0.4046   0.3647    0.321
  [precision]                1        1        1        1        1        1        1        1        1        1        1        1        1        1        1        1        1        1        1        1        1        1        1        1        1        1
  K1: mean (weight)      1 (2)    3 (1)    4 (1)    3 (3)    3 (2)    2 (4)   6 (10)    4 (3)    2 (1)    3 (2)    4 (1)    2 (1)    0 (1)    4 (1)    4 (8)    5 (2)    4 (5)    0 (1)   3 (14)    1 (5)    3 (2)    4 (3)    2 (1)    3 (1)    2 (1)   3 (47)
  K2: mean (weight)      2 (4)    4 (3)    5 (5)   4 (11)    4 (5)    3 (1)   7 (74)   5 (10)    4 (2)   4 (13)   5 (68)    3 (9)    2 (3)    5 (9)   5 (21)   6 (20)   5 (24)   1 (10)  4 (162)    2 (8)    4 (6)   5 (33)    3 (4)    4 (5)    3 (2)  4 (127)
  K3: mean (weight)     3 (11)    5 (5)   6 (30)   5 (55)   5 (19)   4 (15)  8 (135)   6 (54)    5 (9)   5 (20)  6 (129)    4 (8)    3 (8)   6 (35)   6 (71)   7 (69)   6 (31)    2 (7)  5 (151)   3 (16)    5 (5)   6 (61)   4 (11)   5 (22)   4 (17)  5 (139)
  K4: mean (weight)     4 (25)   6 (30)  7 (161)   6 (55)   6 (35)   5 (87)  9 (248)  7 (143)   6 (11)   6 (98)   7 (64)   5 (38)   4 (22)  7 (119)  7 (167)  8 (250)   7 (36)    3 (7)   6 (46)   4 (14)   6 (24)  7 (168)   5 (41)   6 (65)   5 (57)   6 (56)
  K5: mean (weight)     5 (30)   7 (46)  8 (135)  7 (188)  7 (123)  6 (294) 10 (168)  8 (396)  7 (144)  7 (241)  8 (347)   6 (77)   5 (54)  8 (511)  8 (406)  9 (216)  8 (111)   4 (10)  7 (112)   5 (67)  7 (136)  8 (417)   6 (51)  7 (100)  6 (166)   7 (55)
  K6: mean (weight)     6 (58)   8 (86)  9 (197)  8 (345)  8 (200)  7 (216) 11 (119)   9 (83)  8 (507)  8 (304)   9 (74)  7 (147)  6 (106)   9 (50)   9 (99) 10 (131)   9 (89)   5 (21)  8 (293)  6 (175)  8 (528)   9 (81)  7 (133)  8 (115)  7 (125)  8 (335)
  K7: mean (weight)    7 (205)  9 (278) 10 (177)   9 (96)  9 (190)   8 (79)   12 (5)  10 (31)   9 (31)   9 (34)  10 (50)  8 (420)  7 (265)  10 (17)  10 (25)  11 (40) 10 (187)   6 (39)   9 (14)  7 (145)   9 (51)  10 (22)  8 (400)  9 (140)  8 (347)   9 (22)
  K8: mean (weight)    8 (333) 10 (260)  11 (26)  10 (35) 10 (124)   9 (37)  13 (11)  11 (12)  10 (31)  10 (22)  11 (25)   9 (75)  8 (293)   11 (6)   11 (6)  12 (26) 11 (259)   7 (90)   10 (4)  8 (364)   10 (6)   11 (2)   9 (60) 10 (123)   9 (16)   10 (4)
  K9: mean (weight)     9 (73)  11 (45)   13 (4)  11 (11)  11 (50)  10 (14)   14 (3)   12 (2)  11 (14)   11 (8)   12 (1)  10 (11)   9 (19)   12 (4)       --  13 (22)  12 (15)  8 (390)       --   9 (12)   11 (6)       --  10 (18) 11 (145)  10 (15)   12 (1)
  K10: mean (weight)   10 (32)  12 (12)       --   12 (6)  12 (19)  11 (21)       --       --   12 (5)   12 (4)   13 (1)   11 (4)  10 (11)   14 (1)       --   14 (6)   13 (1)   9 (73)       --   10 (7)       --       --  11 (11)  12 (13)   11 (3)       --
  K11: mean (weight)   11 (16)       --       --       --   13 (1)   12 (7)       --       --       --   13 (1)   15 (1)   12 (2)   11 (1)       --       --   15 (1)       --  10 (53)       --       --       --       --   12 (4)   13 (7)   12 (3)       --
  K12: mean (weight)        --       --       --       --       --       --       --       --       --       --       --       --       --       --       --       --       --  11 (38)       --       --       --       --       --   14 (3)       --       --
  K13: mean (weight)        --       --       --       --       --       --       --       --       --       --       --       --       --       --       --       --       --   12 (8)       --       --       --       --       --       --       --       --
  K14: mean (weight)        --       --       --       --       --       --       --       --       --       --       --       --       --       --       --       --       --   13 (1)       --       --       --       --       --       --       --       --



Time taken to build model: 0.33 seconds

=== Stratified cross-validation ===
=== Summary ===

Correctly Classified Instances       14841               74.205  %
Incorrectly Classified Instances      5159               25.795  %
Kappa statistic                          0.7317
Mean absolute error                      0.0231
Root mean squared error                  0.1189
Relative absolute error                 31.2951 %
Root relative squared error             61.8144 %
Total Number of Instances            20000     

=== Detailed Accuracy By Class ===

                 TP Rate  FP Rate  Precision  Recall   F-Measure  MCC      ROC Area  PRC Area  Class
                 0,867    0,006    0,853      0,867    0,860      0,854    0,988     0,915     A
                 0,745    0,022    0,576      0,745    0,650      0,640    0,982     0,764     B
                 0,720    0,003    0,891      0,720    0,796      0,794    0,987     0,873     C
                 0,739    0,016    0,666      0,739    0,700      0,688    0,980     0,797     D
                 0,602    0,008    0,740      0,602    0,664      0,656    0,980     0,762     E
                 0,764    0,009    0,782      0,764    0,773      0,764    0,980     0,844     F
                 0,723    0,014    0,670      0,723    0,696      0,684    0,971     0,782     G
                 0,575    0,010    0,694      0,575    0,629      0,619    0,953     0,698     H
                 0,762    0,007    0,808      0,762    0,784      0,776    0,975     0,844     I
                 0,771    0,003    0,899      0,771    0,830      0,826    0,977     0,865     J
                 0,756    0,001    0,976      0,756    0,852      0,854    0,965     0,862     L
                 0,883    0,018    0,666      0,883    0,759      0,756    0,993     0,903     M
                 0,805    0,011    0,753      0,805    0,778      0,769    0,983     0,873     N
                 0,733    0,017    0,632      0,733    0,679      0,667    0,977     0,790     O
                 0,803    0,006    0,840      0,803    0,821      0,814    0,985     0,890     P
                 0,696    0,022    0,568      0,696    0,626      0,612    0,979     0,727     Q
                 0,794    0,018    0,629      0,794    0,702      0,694    0,985     0,780     R
                 0,638    0,018    0,581      0,638    0,608      0,593    0,968     0,651     S
                 0,749    0,005    0,871      0,749    0,805      0,800    0,977     0,845     T
                 0,755    0,005    0,867      0,755    0,807      0,802    0,986     0,874     U
                 0,779    0,004    0,897      0,779    0,834      0,830    0,987     0,893     V
                 0,644    0,010    0,734      0,644    0,686      0,676    0,980     0,772     X
                 0,726    0,004    0,887      0,726    0,799      0,796    0,986     0,866     Z
                 0,675    0,017    0,605      0,675    0,638      0,624    0,972     0,732     K
                 0,862    0,011    0,760      0,862    0,807      0,801    0,994     0,904     W
                 0,710    0,005    0,842      0,710    0,770      0,765    0,984     0,846     Y
Weighted Avg.    0,742    0,010    0,757      0,742    0,745      0,737    0,980     0,822     

=== Confusion Matrix ===

   a   b   c   d   e   f   g   h   i   j   k   l   m   n   o   p   q   r   s   t   u   v   w   x   y   z   <-- classified as
 684   4   0   0   2   0   0   6   0   1   2  20  13   2   0   4  12  14   1   0   0  13   0   3   5   3 |   a = A
   0 571   0  20   0   0   7   6  12   1   0  27  13   5   0   6  60   7   0   0   1   7   1   9  12   1 |   b = B
   0   0 530   0  29   3  53   0   4   0   0   5   6   7   0  26   1  11   4   5   0   1   1  48   0   2 |   c = C
  12  67   1 595   0   5   4  16   4   3   1   1   0  23   3   7  42   6   0   0   0   1   0  13   1   0 |   d = D
   0  16  19   0 462   3  36   3  12   1   0   2   1   0   0  37   6  23  12  11   1  58  13  47   5   0 |   e = E
   0  19   0  19   6 592   8   4   1   1   0   2  15   0  31  11   8  28   6   0   0  13   1   0   6   4 |   f = F
   9  11  20   6   6   2 559   2   2   2   0   9   4   7   0  72   7  19   0   0   0   1   1   9  25   0 |   g = G
   3  34   0  48   1   8   5 422   0   0   0  16  12  42   2  11  49   0   0   6   4   4   0  46  13   8 |   h = H
   2  13   1  33  14   5   0   7 575  15   0   0   1   0  10  15   3  51   0   1   0   5   0   0   0   4 |   i = I
   2  12   0  17   0  12   0  13   4 576   0   2   3   5  15  12  27  27   0   0   0   6  14   0   0   0 |   j = J
  10  17   4   0   2   0  17   4   0  24 575   6  20   1   0  42   7   5   1   1   0   3   1  21   0   0 |   k = L
  22   6   0   0   1   0   4   3   0   0   0 699  15   4   0   3   5   0   0   2   0   0   0  18  10   0 |   l = M
   1  13   0  24   0   2   1  11   2   4   0  24 630  13   2   0  16   0   0  13   6   1   0   1  18   1 |   m = N
   2  10   2  19   0   0  31  10  16   0   0  13   7 552   7  25  23   3   0   5   0   0   0  12  16   0 |   n = O
   0   8   0  13   5  45  14   4   0   1   0   3   3   8 645  12   1   1   1   0   0   0   0   1  25  13 |   o = P
   5  13   0   7   1   0  26   2   1   5   1  19   2 114   0 545   5  30   0   1   3   0   1   2   0   0 |   p = Q
   1  29   0  38   2   0   3  11   0   0   0  24  24   1   0  12 602   3   0   0   0   3   0   5   0   0 |   q = R
  36  70   1   6   7  10  16   5  20   2   6   1   1   1   4  25   8 477   8   9   5  11  14   5   0   0 |   r = S
   0   4   3   2  18  23  11   8   0   0   0   3   3   3   0   5   1  21 596  16  11  15   3  24   0  26 |   s = T
   0   2   1   6   1   0   3   4   1   0   0  61  39  35   0  17   0   3   0 614   2   2   0  15   4   3 |   t = U
   0  11   0   0   0   3   6   6   0   0   0  21  11   0  29   7   1   0   1   1 595   0   0   0  43  29 |   u = V
   0  30   0  11  11   6   3  11  47   0   2   1   0  47   0   3   6  22   3   9   0 507  18  46   0   4 |   v = X
  12  12   8   5  26   4   0   3  11   5   2   0   0   0   0  24  16  49   7   0   0  12 533   1   0   4 |   w = Z
   1  16   5  18  30   2  21  24   0   0   0  30   5   0   0   2  51   4   0   2   0  27   0 499   2   0 |   x = K
   0   2   0   0   0   0   6  20   0   0   0  49   6   3   0   4   0   0   0   0  11   0   0   0 648   3 |   y = W
   0   1   0   7   0  32   0   3   0   0   0  11   3   1  20  32   0  17  44  12  24   1   0   0  20 558 |   z = Y

